=== POLY Learned Parameters (Age Audi) ===

base.iso._bth:
-4.591180028526852

base.iso._bz:
0.48547424162784863

base.iso.bthz:
3.5313764613419774

base.aniso._α:
-7.484477867164607

base.aniso._k1:
[-1.96182438 -1.96182438 10.12792241  6.52098597]

base.aniso._k2:
[ 7.64815074  7.64815074 -4.90799033  1.67568084]

base.aniso._lam0_raw:
[-2. -2. -2. -2.]

base.aniso._lam0h_raw:
[-2.8 -2.8]

base.aniso._kappa:
[0.21979202 0.21979202]

base.aniso._tau_raw:
[-0.53992309 -0.53992309  0.22746944 -1.30012907]

base.aniso._sigma_s_raw:
[-2. -2. -2. -2.]

base.aniso._lambda_lb_raw:
[-3.59967954e-144 -3.59967954e-144 -5.09238314e-117 -4.91433005e-234]

base.aniso._lambda_ub_raw:
[0.90508009 0.90508009 0.68086893 0.42689889]

base.aniso._logn_mu_raw:
[-2.90621608 -2.90621608 -3.53681771 -3.24343423]

base.aniso._logn_sig_raw:
[-4.83690016 -4.83690016 -5.75233804 -6.06547237]

base.aniso._beta_a_raw:
[-0.87183897 -0.87183897 -0.87183897 -0.81093022]

base.aniso._beta_b_raw:
[-0.5798185  -0.47000363 -0.05129329 -1.2039728 ]

tweak._w_raw:
[-0.64659417 -0.677312    0.64288064  0.07923296 -0.54931211  0.60293616
  0.1565344   0.63243721  0.62257162 -0.54405727 -0.24006524 -0.54691036
 -0.54660033 -0.60113756 -0.23132731 -0.60015932 -0.5985082  -0.47729591
 -0.47398083 -0.47077224 -0.2263965  -0.41891708 -0.1507363  -0.42352514
 -0.42122322 -0.23578999 -0.23409411 -0.5526129  -0.55487069 -0.54381933
 -0.24146674 -0.54336429 -0.60204939 -0.4993326  -0.50141587 -0.47920436
 -0.54645673 -0.54628385 -0.54546871 -0.54566731 -0.5471858  -0.54833378
  1.6604364  -0.57666628 -0.57522629]

tweak.logits:
[-2.08395168 -2.11371713 -0.58504013 -0.59527106 -1.97504466 -0.67505577
 -0.45510555 -0.59497145 -0.62238585 -2.00467274 -1.4652725  -2.00603904
 -2.00548952 -2.07678703 -1.51940779 -2.07501301 -2.07335839 -1.91334299
 -1.91028941 -1.9070262  -1.41268234 -1.85708022 -1.31656119 -1.86333028
 -1.86063161 -1.60122034 -1.59968148 -2.01413335 -2.01648574 -2.00269989
 -1.46838442 -1.94904424 -2.04304298 -1.87470906 -1.93296534 -1.86917618
 -2.00592539 -2.00617165 -1.95072734 -2.00493909 -2.00698438 -1.95371371
  0.38536398 -2.04547881 -2.04424661]

