=== POLY Learned Parameters (Age Martini) ===

base.iso._bth:
-5.151374883044679

base.iso._bz:
2.618787722845892

base.iso.bthz:
-13.012938509748402

base.aniso._α:
-0.18364254985836712

base.aniso._k1:
[ 6.84181265  6.84181265 -6.31512751  1.79984684]

base.aniso._k2:
[ 3.0780906   3.0780906  12.4549366   0.69143088]

base.aniso._lam0_raw:
[-2. -2. -2. -2.]

base.aniso._lam0h_raw:
[-2.8 -2.8]

base.aniso._kappa:
[-8.04188808 -8.04188808]

base.aniso._tau_raw:
[ 7.39126557  7.39126557 -0.16071809 -1.79715521]

base.aniso._sigma_s_raw:
[-2. -2. -2. -2.]

base.aniso._lambda_lb_raw:
[ -9.39755533  -9.39755533 -12.09465461  -7.86418774]

base.aniso._lambda_ub_raw:
[2.2826169  2.2826169  1.67462854 0.99646758]

base.aniso._logn_mu_raw:
[-3.45215882 -3.45215882 -4.37814651 -3.23150393]

base.aniso._logn_sig_raw:
[-4.27280611 -4.27280611 -7.57292181 -2.67235734]

base.aniso._beta_a_raw:
[-0.87183897 -0.87183897 -0.87183897 -0.81093022]

base.aniso._beta_b_raw:
[-0.5798185  -0.47000363 -0.05129329 -1.2039728 ]

tweak._w_raw:
[-0.55143922 -1.06838898  0.60945766  0.58690188 -0.24245692  0.42653378
  0.75548925 -1.01929062 -1.01040149 -1.32240786 -0.48322952 -1.33134374
 -1.36403168 -1.39048373 -0.47670325 -0.79793107 -0.62792516 -1.43531383
 -1.43894736 -1.31293938 -0.37845861 -1.21279278 -0.26263874 -0.79603359
 -0.82054322 -0.47406589 -0.41227474 -1.32131432 -1.3216386  -1.32386185
 -0.53320977 -0.45963109 -0.95163922  0.29495545 -0.74424063 -1.09625573
 -1.24127453 -1.22732555 -0.37459166 -1.34655113 -1.21902859 -1.11889717
  1.37270771 -1.14165361 -1.11399086]

tweak.logits:
[-2.13995361 -2.30045975 -0.28143624 -0.3959595  -1.47175333 -0.47450459
 -0.18783757 -2.38635866 -2.3700504  -2.80365491 -1.86624846 -2.89771726
 -2.92891831 -2.90292402 -1.96016144 -2.36371797 -2.19576042 -2.98985804
 -2.99043949 -2.77913215 -1.69307907 -2.68509899 -1.71056353 -2.28930615
 -2.3223605  -1.60002117 -1.50308287 -2.85986299 -2.86231413 -2.79839764
 -1.92303045 -2.07534689 -2.51097791 -0.78981107 -2.32835981 -2.62969049
 -2.74386648 -2.73341455 -1.99634399 -2.91532128 -2.72197727 -2.664147
  0.07078531 -2.65314255 -2.62234166]

