=== POLY Learned Parameters (Age Original) ===

base.iso._bth:
-6.580851167306483

base.iso._bz:
-5.5717745436482256

base.iso.bthz:
3.796503257383998

base.aniso._α:
-0.5902337363564512

base.aniso._k1:
[15.32290489 15.32290489  4.72567464  5.04797646]

base.aniso._k2:
[14.53430123 14.53430123  3.5743453  -1.00047039]

base.aniso._lam0_raw:
[-2. -2. -2. -2.]

base.aniso._lam0h_raw:
[-2.8 -2.8]

base.aniso._kappa:
[-0.85425606 -0.85425606]

base.aniso._tau_raw:
[-4.74366959 -4.74366959  2.55266605 -1.93028319]

base.aniso._sigma_s_raw:
[-2. -2. -2. -2.]

base.aniso._lambda_lb_raw:
[-0.85881815 -0.85881815 -0.78943099 -0.5971371 ]

base.aniso._lambda_ub_raw:
[-1.17575654 -1.17575654  0.73396627  0.69639048]

base.aniso._logn_mu_raw:
[-4.64608169 -4.64608169 -2.34192927 -2.77446293]

base.aniso._logn_sig_raw:
[-5.89792847 -5.89792847 -4.21236125 -3.09885187]

base.aniso._beta_a_raw:
[-0.87183897 -0.87183897 -0.87183897 -0.81093022]

base.aniso._beta_b_raw:
[-0.5798185  -0.47000363 -0.05129329 -1.2039728 ]

tweak._w_raw:
[-1.67772655 -1.47841955 -2.54869392  0.65326391 -0.11250638 -2.56856068
  0.72395348  0.13250898  0.15649648 -0.62986612 -1.16990907 -1.04062422
 -1.06534621  0.28250056 -1.14742045  0.06080107  0.15705551 -1.58679523
 -1.53468316 -0.37867456 -1.25378416 -2.46985142  0.29874293 -0.29742068
 -0.19682514  0.0385375   0.13027041 -0.61831586 -0.46485414 -0.33096051
 -1.5149956  -2.13716158 -1.41978423 -1.48898978 -1.70201643 -1.57268904
 -1.92379038 -1.67701704 -2.0072662  -1.04604565 -1.90252473 -0.18414711
  0.64011691 -1.64793469 -1.60600337]

tweak.logits:
[-3.22296807 -2.77016289 -3.99388436 -0.39476521 -0.8850845  -4.0209073
 -0.23588845 -0.69240417 -0.62149742 -1.05906079 -2.47788369 -2.28023045
 -2.26771965 -0.6162515  -2.36580175 -1.20974078 -1.14248124 -2.89857077
 -2.8784293  -1.00315031 -2.63500076 -3.91329558 -0.72990615 -1.29377346
 -1.22691882 -1.12991921 -1.01145434 -1.88857998 -1.81140796 -0.92917785
 -2.90146952 -3.58231349 -2.66491682 -2.71391944 -3.06922336 -2.68106726
 -3.27909282 -2.99420273 -3.41938987 -2.33152809 -3.29076216 -1.51842719
 -0.05288184 -3.00127766 -2.88659249]

