=== POLY Learned Parameters (Age Audi) ===

base.iso._bth:
-7.094211493198665

base.iso._bz:
-3.0648647478596027

base.iso.bthz:
3.7585845694558255

base.aniso._α:
-8.34575353294596

base.aniso._k1:
[-4.64158109 -4.64158109  7.8644485   4.19063092]

base.aniso._k2:
[ 5.80017715  5.80017715 -0.38796084 -0.54529128]

base.aniso._lam0_raw:
[-2. -2. -2. -2.]

base.aniso._lam0h_raw:
[-2.8 -2.8]

base.aniso._kappa:
[0.13788848 0.13788848]

base.aniso._tau_raw:
[-1.07160261 -1.07160261 -0.24215345 -2.5832669 ]

base.aniso._sigma_s_raw:
[-2. -2. -2. -2.]

base.aniso._lambda_lb_raw:
[-3.30425703 -3.30425703 -3.99029659 -7.53591402]

base.aniso._lambda_ub_raw:
[2.57848938 2.57848938 3.24352822 0.84420407]

base.aniso._logn_mu_raw:
[-1.76713396 -1.76713396 -5.65779391 -3.78348195]

base.aniso._logn_sig_raw:
[-4.57152559 -4.57152559 -5.73218261 -4.06502242]

base.aniso._beta_a_raw:
[-0.87183897 -0.87183897 -0.87183897 -0.81093022]

base.aniso._beta_b_raw:
[-0.5798185  -0.47000363 -0.05129329 -1.2039728 ]

tweak._w_raw:
[-0.69565272 -0.69658322  0.12932866 -0.078725   -0.62978897  0.12457613
 -0.05996152  0.13053618  0.12573906 -0.540854   -0.27759343 -0.54435395
 -0.54525913 -0.55138966 -0.18572494 -0.55301329 -0.55260265 -0.51174319
 -0.51108316 -0.51240447 -0.29018945 -0.33794703 -0.02037838 -0.34439218
 -0.34670772 -0.35554695 -0.35366743 -0.54584269 -0.54525629 -0.5437883
 -0.28187183 -0.61476824 -0.62266715 -0.52058507 -0.60575012 -0.52284715
 -0.54622743 -0.54420886 -0.61100245 -0.54622123 -0.54454983 -0.61427309
  1.71658916 -0.54787962 -0.54657795]

tweak.logits:
[-2.19960177 -2.17180229 -1.22634756 -0.94681625 -2.0781131  -1.22646801
 -0.90260131 -1.2168511  -1.21724744 -2.01897521 -1.65593531 -2.02175849
 -2.02258104 -2.01833019 -1.58386492 -2.02035557 -2.01933569 -1.98607467
 -1.98586315 -1.98703121 -1.64611192 -1.64258763 -1.20693827 -1.65588185
 -1.65904539 -1.77268057 -1.77038833 -2.02154847 -2.02138452 -2.02060007
 -1.66185336 -2.0255935  -2.08957178 -1.94863014 -2.0636629  -1.93360046
 -2.02382668 -2.02205026 -2.02123872 -2.02368738 -2.02250527 -2.02505306
  0.38478844 -2.02011059 -2.018868  ]

