=== POLY Learned Parameters (Age Mercedes) ===

base.iso._bth:
-7.619473110090555

base.iso._bz:
-3.2534356100543755

base.iso.bthz:
0.15526574152545783

base.aniso._α:
0.5252246203487952

base.aniso._k1:
[ 5.6220828   5.6220828   1.1488395  -1.95144989]

base.aniso._k2:
[ 1.24399162  1.24399162 31.20380933  0.24412213]

base.aniso._lam0_raw:
[-2. -2. -2. -2.]

base.aniso._lam0h_raw:
[-2.8 -2.8]

base.aniso._kappa:
[-1.47029405 -1.47029405]

base.aniso._tau_raw:
[ 6.71753597  6.71753597 -0.67107925  0.75435934]

base.aniso._sigma_s_raw:
[-2. -2. -2. -2.]

base.aniso._lambda_lb_raw:
[ -9.47411616  -9.47411616 -11.27533931  -4.09447338]

base.aniso._lambda_ub_raw:
[1.65737051 1.65737051 1.81581641 3.07204256]

base.aniso._logn_mu_raw:
[-3.23595986 -3.23595986 -5.94550701 -2.64139161]

base.aniso._logn_sig_raw:
[ -3.49473392  -3.49473392 -10.45300619  -2.49193492]

base.aniso._beta_a_raw:
[-0.87183897 -0.87183897 -0.87183897 -0.81093022]

base.aniso._beta_b_raw:
[-0.5798185  -0.47000363 -0.05129329 -1.2039728 ]

tweak._w_raw:
[-0.74888419 -0.71166941 -0.74751851 -0.3109916  -0.62439207 -0.75378337
 -0.30597071  0.53172063  0.43428473 -0.6833997  -0.2570986  -0.3484492
 -0.35325319 -0.60465531 -0.20051686 -0.23013238 -0.22963539 -0.38018529
 -0.37753656 -0.69714991 -0.27649611 -0.72472039 -0.21301267 -0.186691
 -0.20611035 -0.26220491 -0.26074291 -0.31866384 -0.30630567 -0.68651492
 -0.25723646 -0.66918594 -0.63008178 -0.39357527 -0.63443136 -0.26287431
 -0.66013995 -0.65820947 -0.66962371 -0.34812618 -0.65870422 -0.24844923
  0.93508896 -0.60688273 -0.61227534]

tweak.logits:
[-2.26836587 -2.2110781  -2.22512874 -1.57634708 -2.09710499 -2.23108633
 -1.56723998 -0.22053559 -0.3073194  -2.1767906  -1.5246627  -1.68501076
 -1.69008626 -2.08119606 -1.47832134 -1.58122266 -1.57953102 -1.71223179
 -1.70831409 -2.19279911 -1.54227561 -2.20618305 -1.49148958 -1.42012367
 -1.44549961 -1.47168185 -1.46975574 -1.61600089 -1.60064155 -2.17873176
 -1.5254395  -2.11852971 -2.07780153 -1.72822466 -2.09150112 -1.41485241
 -2.12334227 -2.12160186 -2.11743841 -1.6829538  -2.1203366  -1.51218347
 -0.14759596 -2.04985954 -2.05624439]

