=== POLY Learned Parameters (Age Orion) ===

base.iso._bth:
-7.924174125258955

base.iso._bz:
-4.691104641052761

base.iso.bthz:
-2.024068859150328

base.aniso._α:
0.3690623316865479

base.aniso._k1:
[ 2.7385842   2.7385842  -5.67921223 -0.97153299]

base.aniso._k2:
[ 0.32890311  0.32890311 26.32928802 -3.65178724]

base.aniso._lam0_raw:
[-2. -2. -2. -2.]

base.aniso._lam0h_raw:
[-2.8 -2.8]

base.aniso._kappa:
[-1.85153429 -1.85153429]

base.aniso._tau_raw:
[-4.85272582 -4.85272582  0.71465403 -1.78704037]

base.aniso._sigma_s_raw:
[-2. -2. -2. -2.]

base.aniso._lambda_lb_raw:
[-7.6172005  -7.6172005  -5.11719312 -4.52840232]

base.aniso._lambda_ub_raw:
[1.45724963 1.45724963 1.54708951 2.95134481]

base.aniso._logn_mu_raw:
[-3.42550423 -3.42550423 -4.1643924  -3.82612539]

base.aniso._logn_sig_raw:
[ -2.4314257   -2.4314257  -10.10110201   0.01047828]

base.aniso._beta_a_raw:
[-0.87183897 -0.87183897 -0.87183897 -0.81093022]

base.aniso._beta_b_raw:
[-0.5798185  -0.47000363 -0.05129329 -1.2039728 ]

tweak._w_raw:
[-0.84267141 -0.74785436 -0.82506431  0.11588811 -0.73468411 -0.83630377
  0.12146889  0.73850388  0.71640138 -0.62646714 -0.40771067 -0.31100487
 -0.31750649 -0.46009997 -0.56046271  0.08141117  0.08471348 -0.38851505
 -0.38712431 -0.65376626 -0.30960692 -0.76457748 -0.49256211  0.07611705
  0.05721188 -0.16298117 -0.16189172 -0.49148528 -0.48609308 -0.62948186
 -0.41133963 -0.79744722 -0.73765621 -0.50162429 -0.70783392 -0.48703725
 -0.769111   -0.76812992 -0.80242277 -0.31836772 -0.77296547 -0.29676208
  0.46938567 -0.75461192 -0.75667947]

tweak.logits:
[-2.34776091 -2.22857119 -2.3280066  -1.21980713 -2.21171852 -2.34024346
 -1.21197967 -0.21743514 -0.23719882 -2.12014853 -1.85220893 -1.68068871
 -1.68707427 -1.94816083 -2.02413894 -0.97603823 -0.97145178 -1.7931883
 -1.79159375 -2.1495941  -1.73770357 -2.26646776 -1.94385293 -1.06232664
 -1.08848144 -1.55137725 -1.55012864 -1.95382224 -1.94763398 -2.12202541
 -1.85631021 -2.29260996 -2.22999552 -1.9350949  -2.20081729 -1.88653955
 -2.27056673 -2.27009903 -2.29842331 -1.6870258  -2.27558507 -1.67492814
 -0.42849968 -2.25194377 -2.2536733 ]

