=== POLY Learned Parameters (Age lexus) ===

base.iso._bth:
-1.6478037938311634

base.iso._bz:
1.6210879015578643

base.iso.bthz:
3.30814950718474

base.aniso._α:
1.4009270717813354

base.aniso._k1:
[ -3.55062762  -3.55062762 -15.74354803   6.37938305]

base.aniso._k2:
[6.06035838 6.06035838 4.50642924 2.00014203]

base.aniso._lam0_raw:
[-2. -2. -2. -2.]

base.aniso._lam0h_raw:
[-2.8 -2.8]

base.aniso._kappa:
[1.11616818 1.11616818]

base.aniso._tau_raw:
[-1.90181749 -1.90181749 -0.3947659  -2.56534705]

base.aniso._sigma_s_raw:
[-2. -2. -2. -2.]

base.aniso._lambda_lb_raw:
[-0.51129726 -0.51129726 -0.52296924 -0.40779867]

base.aniso._lambda_ub_raw:
[ 1.3113214   1.3113214   1.8865387  -2.01466639]

base.aniso._logn_mu_raw:
[-2.80832906 -2.80832906 -1.85965718 -1.39918024]

base.aniso._logn_sig_raw:
[-5.11889791 -5.11889791 -3.37679278 -5.65211494]

base.aniso._beta_a_raw:
[-0.87183897 -0.87183897 -0.87183897 -0.81093022]

base.aniso._beta_b_raw:
[-0.5798185  -0.47000363 -0.05129329 -1.2039728 ]

tweak._w_raw:
[-0.29995653 -0.4269387   0.7859459  -0.11860769 -0.4607185   0.54674336
 -0.10641768  0.21136631  0.18010952 -0.41770464 -0.10654793 -0.17968277
 -0.18518871 -0.46557596 -0.02851476 -0.20917166 -0.23585698 -0.1647959
 -0.14535094 -0.35881807 -0.12168202 -0.444873    0.01448632 -0.14197153
 -0.16062718 -0.05912466 -0.03241642 -0.17496839 -0.18151566 -0.42273099
 -0.10635473 -0.4801337  -0.47357783 -0.37744974 -0.47487982 -0.40138684
 -0.47386124 -0.47553116 -0.47260419 -0.19750195 -0.47679158 -0.16673388
  0.22716407 -0.46863138 -0.46223835]

tweak.logits:
[-1.53858785 -1.78800674  0.03245999 -1.24463605 -1.87574273 -0.18114587
 -1.22740933 -0.64797209 -0.67969811 -1.84645268 -1.25496928 -1.34591228
 -1.35526062 -1.94464788 -1.13624877 -1.41510627 -1.45493697 -1.31788342
 -1.28441331 -1.72811375 -1.2767651  -1.94208125 -1.04458305 -1.27511975
 -1.31088144 -1.14405136 -1.09948581 -1.35851098 -1.36875083 -1.85189684
 -1.25872977 -1.89283544 -1.91882912 -1.71044382 -1.92319145 -1.76630968
 -1.89086153 -1.89179535 -1.88194112 -1.37454331 -1.89437369 -1.3331907
 -1.32978477 -1.8944863  -1.88609577]

