=== POLY Learned Parameters (Age Mercedes) ===

base.iso._bth:
-8.180232648476364

base.iso._bz:
-4.278847858608799

base.iso.bthz:
-1.362975413433626

base.aniso._α:
0.4107587979423804

base.aniso._k1:
[ 5.72054333  5.72054333 -0.38987243 -2.92564337]

base.aniso._k2:
[2.20644336e+00 2.20644336e+00 3.83989030e+01 2.21031199e-02]

base.aniso._lam0_raw:
[-2. -2. -2. -2.]

base.aniso._lam0h_raw:
[-2.8 -2.8]

base.aniso._kappa:
[-0.48607265 -0.48607265]

base.aniso._tau_raw:
[ 5.45538683  5.45538683 -0.07213005  0.64218971]

base.aniso._sigma_s_raw:
[-2. -2. -2. -2.]

base.aniso._lambda_lb_raw:
[ -9.43103409  -9.43103409 -12.46910857  -4.29466897]

base.aniso._lambda_ub_raw:
[1.51779276 1.51779276 1.80395673 3.55363114]

base.aniso._logn_mu_raw:
[-3.29994396 -3.29994396 -6.46066479 -2.99510395]

base.aniso._logn_sig_raw:
[ -3.69147372  -3.69147372 -11.04250644  -2.58245756]

base.aniso._beta_a_raw:
[-0.87183897 -0.87183897 -0.87183897 -0.81093022]

base.aniso._beta_b_raw:
[-0.5798185  -0.47000363 -0.05129329 -1.2039728 ]

tweak._w_raw:
[-0.83944546 -0.81507111 -0.8803966  -0.27597776 -0.70960013 -0.88516851
 -0.27104188  0.63239829  0.60572916 -0.82250882 -0.15483121 -0.42889671
 -0.43400855 -0.72843635 -0.07263878 -0.31842373 -0.31735958 -0.45355212
 -0.45083882 -0.83756675 -0.19527921 -0.86010995 -0.09386066 -0.25002595
 -0.26235009 -0.25164798 -0.25117622 -0.35056531 -0.3417971  -0.82448037
 -0.15424295 -0.78258224 -0.74354266 -0.4157965  -0.75309767 -0.01269246
 -0.78693094 -0.78514928 -0.78280662 -0.42922382 -0.78535211 -0.18795054
  1.02782496 -0.72700483 -0.73092455]

tweak.logits:
[-2.41152654 -2.36610447 -2.40552575 -1.49735763 -2.23891321 -2.40941902
 -1.48832826 -0.28047084 -0.30624226 -2.36553116 -1.42651984 -1.86418324
 -1.86875591 -2.25623314 -1.42558931 -1.74414075 -1.74187906 -1.88447827
 -1.88113215 -2.38244438 -1.4430801  -2.39330295 -1.43831725 -1.56870713
 -1.5823551  -1.49524149 -1.49476516 -1.72870391 -1.72001965 -2.36640175
 -1.42696827 -2.28513661 -2.25017842 -1.78762669 -2.27059203 -0.81329807
 -2.31390397 -2.31260015 -2.28336391 -1.8630153  -2.31095482 -1.52060205
 -0.16546907 -2.23808397 -2.24161334]

