=== POLY Learned Parameters (Age lexus) ===

base.iso._bth:
-5.652404056135395

base.iso._bz:
0.4052074779505924

base.iso.bthz:
0.0

base.aniso._α:
0.21173437721501479

base.aniso._k1:
[-4.28589466 -4.28589466 -4.6131147   2.98749813]

base.aniso._k2:
[11.2861484  11.2861484   4.32896865  6.65870062]

base.aniso._lam0_raw:
[-2. -2. -2. -2.]

base.aniso._lam0h_raw:
[-2.8 -2.8]

base.aniso._kappa:
[0.72057982 0.72057982]

base.aniso._tau_raw:
[-1.33223962 -1.33223962  0.64394644  0.80037613]

base.aniso._sigma_s_raw:
[-2. -2. -2. -2.]

base.aniso._lambda_lb_raw:
-4.301981707486655

base.aniso._lambda_ub_raw:
[-1.0819562  -1.0819562  -0.62000719 -5.50235862]

base.aniso._logn_mu_raw:
[-2.93287877 -2.93287877 -2.70744155 -2.7599255 ]

base.aniso._logn_sig_raw:
[-7.69197726 -7.69197726 -4.8228146  -2.97870433]

base.aniso._beta_a_raw:
[-0.87183897 -0.87183897 -0.87183897 -0.81093022]

base.aniso._beta_b_raw:
[-0.5798185  -0.47000363 -0.05129329 -1.2039728 ]

tweak._w_raw:
[ 0.16248895  0.5231532  -0.25291562 -1.82878029 -1.14571129  0.3781517
 -1.80435499  0.70042868  0.38761907 -1.48933456 -1.27744428 -0.14181931
 -0.17839324  0.14800614  0.14750065 -1.50208519 -1.48364861  0.48731904
 -1.52681523  0.36715756 -1.41390007  0.45181941 -1.22215372 -1.33252797]

tweak.logits:
[-0.70894185 -0.23762044  0.15353248 -3.26731653 -2.70305165 -0.33030926
 -3.26086535 -0.06413315 -0.4264094  -3.15607738 -2.81765619 -1.57250359
 -1.58445417 -1.07476361 -1.08251558 -3.16994537 -2.98852893 -0.14456651
 -3.15018435 -0.59197341 -3.04574894 -0.49097536 -2.82743962 -2.91514115]

