=== POLY Learned Parameters (Age Pablo) ===

base.iso._bth:
-7.00524653782573

base.iso._bz:
2.6076682037425347

base.iso.bthz:
2.1763438848039436

base.aniso._α:
-0.6939536385122927

base.aniso._k1:
[-1.83706665 -1.83706665 -2.5059669   0.40546014]

base.aniso._k2:
[14.44699925 14.44699925 13.13692597 13.62273749]

base.aniso._lam0_raw:
[-2. -2. -2. -2.]

base.aniso._lam0h_raw:
[-2.8 -2.8]

base.aniso._kappa:
[-3.49370624 -3.49370624]

base.aniso._tau_raw:
[-0.80973811 -0.80973811 -0.63913463 -1.99879334]

base.aniso._sigma_s_raw:
[-2. -2. -2. -2.]

base.aniso._lambda_lb_raw:
[ -3.00223709  -3.00223709 -10.17799199  -5.13258056]

base.aniso._lambda_ub_raw:
[-1.27906533 -1.27906533 -0.11353399 -3.77216374]

base.aniso._logn_mu_raw:
[-4.34729448 -4.34729448 -1.41953519 -3.2648213 ]

base.aniso._logn_sig_raw:
[-3.00297543 -3.00297543 -3.45940684 -7.69812642]

base.aniso._beta_a_raw:
[-0.87183897 -0.87183897 -0.87183897 -0.81093022]

base.aniso._beta_b_raw:
[-0.5798185  -0.47000363 -0.05129329 -1.2039728 ]

tweak._w_raw:
[-0.67583326  1.0371414  -1.04676976 -0.07371534  2.57365377 -1.07019857
 -0.07824667 -0.28898354 -0.24961397 -1.76445722 -0.94595733 -1.44729461
 -1.48696214 -1.58498835 -1.24524496 -1.41605934 -1.35670486 -1.47192455
 -1.51759168 -1.78623467 -0.86019987 -1.4139578  -0.79154628 -1.18967537
 -1.29200329 -1.22066769 -1.21646346 -1.50837864 -1.51756117 -1.68654389
 -0.82259458 -1.37707424 -1.66816932 -0.52070155 -1.70340473 -0.70510577
 -1.71541376 -1.67327903 -1.38952681 -1.45981474 -1.70654636 -0.89190614
  0.56335236 -1.65319613 -1.66145646]

tweak.logits:
[-2.10166448  0.76763034 -2.33347797 -0.91122535  0.1713392  -2.34773805
 -0.82376021 -0.68528567 -0.73154502 -3.23643504 -2.22862181 -2.8728256
 -2.90261656 -3.10169343 -2.64062489 -2.83704926 -2.79561801 -2.8903627
 -2.9186459  -3.23719335 -2.10176581 -2.90251676 -2.0239785  -2.54574759
 -2.64408307 -2.60355473 -2.57882065 -2.96045044 -2.9701478  -3.13016978
 -1.98994386 -2.58325455 -3.14243692 -1.67256069 -3.15082003 -1.95644616
 -3.15831277 -3.12840399 -2.59303379 -2.87884681 -3.15109501 -1.89566498
 -0.13733003 -3.12479166 -3.12475447]

