=== POLY Learned Parameters (Age Gus) ===

base.iso._bth:
-1.990739902262108

base.iso._bz:
1.0927665698697795

base.iso.bthz:
0.7732995537583396

base.aniso._α:
3.0746160552694066

base.aniso._k1:
[  1.41570142   1.41570142 -12.41228553   0.25073748]

base.aniso._k2:
[1.47946358 1.47946358 7.8729203  1.57384763]

base.aniso._lam0_raw:
[-2. -2. -2. -2.]

base.aniso._lam0h_raw:
[-2.8 -2.8]

base.aniso._kappa:
[-2.20392554 -2.20392554]

base.aniso._tau_raw:
[-0.70795783 -0.70795783 -0.61317233 -0.86270283]

base.aniso._sigma_s_raw:
[-2. -2. -2. -2.]

base.aniso._lambda_lb_raw:
[-5.86632785 -5.86632785 -3.48095676 -2.52675883]

base.aniso._lambda_ub_raw:
[2.75795304 2.75795304 0.17130582 1.80817546]

base.aniso._logn_mu_raw:
[-3.72762426 -3.72762426 -1.26528174 -3.03393759]

base.aniso._logn_sig_raw:
[-3.96363402 -3.96363402 -3.79845551 -2.55961942]

base.aniso._beta_a_raw:
[-0.87183897 -0.87183897 -0.87183897 -0.81093022]

base.aniso._beta_b_raw:
[-0.5798185  -0.47000363 -0.05129329 -1.2039728 ]

tweak._w_raw:
[-0.69652562 -0.67569107 -0.79170122 -0.33379892 -0.71066401 -0.80138746
 -0.35858875 -0.3040354  -0.37153691 -0.81908332 -0.58822273 -0.58635107
 -0.59274173 -0.8395174  -0.67048432 -0.64966711 -0.63934427 -0.54812083
 -0.55615069 -0.80459767 -0.54901396 -0.81319647 -0.55910491 -0.52631122
 -0.5696972  -0.4930403  -0.50431969 -0.60650064 -0.57537996 -0.79695712
 -0.59325412 -0.65800167 -0.76792904 -0.63758902 -0.74939841 -0.68726657
 -0.65917086 -0.63226067 -0.64867107 -0.58897991 -0.64353311 -0.59023408
  0.28264553 -0.69464389 -0.65921268]

tweak.logits:
[-1.93454518 -1.93082906 -2.05974171 -1.56895036 -2.01118063 -2.07248129
 -1.59950343 -1.49228493 -1.6028535  -2.16460101 -1.9153104  -1.90482689
 -1.91266519 -2.24778079 -2.01905919 -1.98707935 -1.97719984 -1.84908804
 -1.86865545 -2.10922712 -1.85729145 -2.28537807 -1.86818636 -1.82028313
 -1.88260943 -1.77478523 -1.78774465 -1.93330502 -1.89305812 -2.13185549
 -1.92493466 -1.92484113 -2.10031395 -1.91749298 -2.0926944  -1.98812185
 -1.92465279 -1.88552689 -1.90868829 -1.90825238 -1.90500022 -1.91587867
 -1.35332454 -1.99402441 -1.94145722]

