=== POLY Learned Parameters (Age Orion) ===

base.iso._bth:
-7.7030084894921105

base.iso._bz:
-5.26024089194688

base.iso.bthz:
-5.2464813740205605

base.aniso._α:
0.11199329427423373

base.aniso._k1:
[ 4.33824825  4.33824825 -5.14168035 -0.07328675]

base.aniso._k2:
[ 7.37064401e-03  7.37064401e-03  2.73641046e+01 -4.43171099e+00]

base.aniso._lam0_raw:
[-2. -2. -2. -2.]

base.aniso._lam0h_raw:
[-2.8 -2.8]

base.aniso._kappa:
[-0.42603364 -0.42603364]

base.aniso._tau_raw:
[-6.60278572 -6.60278572  0.34441128 -1.71266079]

base.aniso._sigma_s_raw:
[-2. -2. -2. -2.]

base.aniso._lambda_lb_raw:
[-8.05037586 -8.05037586 -5.05347351 -5.46155002]

base.aniso._lambda_ub_raw:
[1.4233124  1.4233124  1.5635745  2.53554403]

base.aniso._logn_mu_raw:
[-3.77669698 -3.77669698 -4.27163976 -3.61259039]

base.aniso._logn_sig_raw:
[-2.54603359 -2.54603359 -9.93887674 -0.13206767]

base.aniso._beta_a_raw:
[-0.87183897 -0.87183897 -0.87183897 -0.81093022]

base.aniso._beta_b_raw:
[-0.5798185  -0.47000363 -0.05129329 -1.2039728 ]

tweak._w_raw:
[-0.87720501 -0.73538828 -0.71387466  0.80955273 -0.71868562 -0.72737411
  0.84017686 -0.60288114 -0.60538291 -0.51506412 -0.41338923 -0.23231356
 -0.24030263 -0.33695209 -0.62908641  0.36638263  0.31160771 -0.30841001
 -0.3032289  -0.546076   -0.26249943 -0.65132953 -0.5596783  -0.32373846
 -0.32730453  0.09612448  0.09629134 -0.52190415 -0.52145925 -0.51824351
 -0.41877188 -0.70875135 -0.64301568 -0.47503529 -0.61154809 -0.36998643
 -0.65178501 -0.65026784 -0.71312795 -0.24068122 -0.65751422 -0.55266669
  0.77988564 -0.64553205 -0.64619136]

tweak.logits:
[-2.41633817 -2.24105067 -2.18857032 -0.23610569 -2.21557676 -2.20393282
 -0.2030137  -2.10506196 -2.10789342 -1.98210374 -1.87877014 -1.53978757
 -1.54835055 -1.79838564 -2.12740411 -0.30605246 -0.38878289 -1.65221399
 -1.64578666 -2.01521208 -1.69204869 -2.12138209 -2.04930169 -1.67784566
 -1.68206107 -1.22644267 -1.2264249  -1.99912522 -1.99916318 -1.98409769
 -1.88506341 -2.18103398 -2.10516654 -1.93618244 -2.07284709 -1.75825522
 -2.12288267 -2.12151109 -2.18664071 -1.54829311 -2.13057739 -2.02135689
 -0.12147649 -2.11295922 -2.11333505]

