=== POLY Learned Parameters (Age Pablo) ===

base.iso._bth:
-6.943222221618853

base.iso._bz:
1.8971455347610344

base.iso.bthz:
2.1296725801991445

base.aniso._α:
-2.0155733698319347

base.aniso._k1:
[-6.94894924 -6.94894924 -3.2805811  -0.58227017]

base.aniso._k2:
[22.07961952 22.07961952  6.49482511  4.94001633]

base.aniso._lam0_raw:
[-2. -2. -2. -2.]

base.aniso._lam0h_raw:
[-2.8 -2.8]

base.aniso._kappa:
[-5.27033348 -5.27033348]

base.aniso._tau_raw:
[-1.65097926 -1.65097926 -1.30204975 -2.43705611]

base.aniso._sigma_s_raw:
[-2. -2. -2. -2.]

base.aniso._lambda_lb_raw:
[-1.57064532 -1.57064532 -3.23923403 -3.16178733]

base.aniso._lambda_ub_raw:
[-0.58618282 -0.58618282  2.20158586  1.37444387]

base.aniso._logn_mu_raw:
[-2.39110155 -2.39110155 -4.80237532 -3.51067605]

base.aniso._logn_sig_raw:
[-8.05966335 -8.05966335 -5.8290578  -4.97710558]

base.aniso._beta_a_raw:
[-0.87183897 -0.87183897 -0.87183897 -0.81093022]

base.aniso._beta_b_raw:
[-0.5798185  -0.47000363 -0.05129329 -1.2039728 ]

tweak._w_raw:
[-0.11096807  2.19703523 -1.16237204 -0.35377717  2.21201735 -1.19064458
 -0.22430362 -0.21422107 -0.06719997 -2.18465279 -1.14464846 -2.13921174
 -2.15067851 -2.07142669 -1.1366656  -2.17487473 -2.16625079 -2.10584059
 -2.11198934 -2.22089479 -1.12891557 -1.92731471 -0.84935594 -1.90377587
 -1.91711255 -1.68994251 -1.67829497 -2.16162516 -2.17832702 -2.12000382
 -1.42517978 -1.02080013 -2.12449443 -1.43106355 -2.17413724 -1.19204042
 -2.29856083 -2.25246661 -1.08242195 -2.14058331 -2.27440298 -0.02820735
  0.79883095 -2.26991606 -2.24996194]

tweak.logits:
[-0.71814994  1.59080477 -2.40776759 -1.46631495 -1.83090531 -2.48098367
 -0.9445805  -1.06180264 -0.89693561 -3.66700766 -2.53316537 -3.69289959
 -3.70057104 -3.60731798 -2.61853734 -3.83231175 -3.82967079 -3.62328421
 -3.62403054 -3.6824411  -2.51349732 -3.46137341 -2.11172191 -3.49621801
 -3.50780825 -3.15555082 -3.16670629 -3.71851091 -3.73284769 -3.56475481
 -2.83406422 -2.36278045 -3.62243941 -2.88391126 -3.64238366 -2.6456376
 -3.79313329 -3.75429438 -2.3948234  -3.70505217 -3.76193783 -0.97196511
 -0.2810292  -3.79422127 -3.77769523]

