=== POLY Learned Parameters (Age Martini) ===

base.iso._bth:
-6.2810826090808085

base.iso._bz:
3.6704336052887507

base.iso.bthz:
-0.7400867964522135

base.aniso._α:
-0.781682934698595

base.aniso._k1:
[10.68898547 10.68898547 -9.13862917  1.63070334]

base.aniso._k2:
[-4.91954415 -4.91954415 15.63310264  0.97409571]

base.aniso._lam0_raw:
[-2. -2. -2. -2.]

base.aniso._lam0h_raw:
[-2.8 -2.8]

base.aniso._kappa:
[-7.71415172 -7.71415172]

base.aniso._tau_raw:
[ 6.81705449  6.81705449  3.50653036 -1.66424805]

base.aniso._sigma_s_raw:
[-2. -2. -2. -2.]

base.aniso._lambda_lb_raw:
[-9.21607191 -9.21607191 -9.08469853 -7.81531859]

base.aniso._lambda_ub_raw:
[2.32140483 2.32140483 1.65577969 1.12860644]

base.aniso._logn_mu_raw:
[-4.22502423 -4.22502423 -4.97530156 -3.43186215]

base.aniso._logn_sig_raw:
[-3.12535605 -3.12535605 -7.37910833 -2.26760053]

base.aniso._beta_a_raw:
[-0.87183897 -0.87183897 -0.87183897 -0.81093022]

base.aniso._beta_b_raw:
[-0.5798185  -0.47000363 -0.05129329 -1.2039728 ]

tweak._w_raw:
[-0.55282401  0.86805391 -0.78655071 -0.34752553 10.52934965 -0.94916807
 -0.19796267 -0.66477278 -0.65032193 -1.72221191 -0.56249212 -1.44905063
 -1.39250142 -1.58116541 -0.51129993 -0.73593386 -0.6840384  -1.55960685
 -1.50820978 -1.77285478 -0.65939014 -1.41031349 -0.209986   -0.406025
 -0.5733688  -1.77379817 -1.68730945 -1.49456128 -1.48770628 -1.71140093
 -0.76308408 -1.17553722 -1.41052468 -0.52742218 -1.44389418 -1.88783149
 -1.71819209 -1.6597172  -0.84172842 -1.40379064 -1.68701743 -0.09416223
  1.18161111 -1.52254964 -1.4806752 ]

tweak.logits:
[-2.05395616e+00  3.40522707e-01 -2.03760658e+00 -1.63242095e+00
  3.76930975e+00 -2.27597700e+00 -1.50480868e+00 -1.86687281e+00
 -1.84918542e+00 -3.19043896e+00 -2.00599226e+00 -2.88456730e+00
 -2.83103883e+00 -3.10152265e+00 -2.01342084e+00 -2.11878952e+00
 -2.06115943e+00 -2.98036008e+00 -2.92838750e+00 -3.22997312e+00
 -2.08862988e+00 -2.89039856e+00 -1.70430282e+00 -1.68472924e+00
 -1.82848071e+00 -3.24818278e+00 -3.17562161e+00 -2.97515431e+00
 -2.97274690e+00 -3.14020143e+00 -2.19713235e+00 -2.52941330e+00
 -2.87967906e+00 -1.83243818e+00 -2.91105005e+00 -3.36030921e+00
 -3.17721770e+00 -3.12460830e+00 -2.13586349e+00 -2.84752894e+00
 -3.14093141e+00 -1.41945202e+00 -1.68919146e-03 -2.98504653e+00
 -2.94772410e+00]

