=== POLY Learned Parameters (Age Dodge) ===

base.iso._bth:
-6.83068670494797

base.iso._bz:
-1.8730550427596047

base.iso.bthz:
3.514985970793683

base.aniso._α:
-0.8439939449336894

base.aniso._k1:
[9.63052462 9.63052462 0.20255412 5.15050402]

base.aniso._k2:
[-1.58651251 -1.58651251 36.54963694 -1.96641951]

base.aniso._lam0_raw:
[-2.00016491 -2.00016491 -2.00016491 -2.00016491]

base.aniso._lam0h_raw:
[-2.79975056 -2.79975056]

base.aniso._kappa:
[-2.69305873 -2.69305873]

base.aniso._tau_raw:
[ 3.79555848  3.79555848  0.77628121 -1.55839104]

base.aniso._sigma_s_raw:
[-2.00016491 -2.00016491 -2.00016491 -2.00016491]

base.aniso._lambda_lb_raw:
[-1.14566787 -1.14566787 -0.60548006 -0.87485   ]

base.aniso._lambda_ub_raw:
[ 0.18141831  0.18141831 -0.43681775  0.66171172]

base.aniso._logn_mu_raw:
[-2.69985119 -2.69985119 -4.97671462 -3.30738338]

base.aniso._logn_sig_raw:
[ -6.82577452  -6.82577452 -10.83103664  -3.62601093]

base.aniso._beta_a_raw:
[-0.87065263 -0.87065263 -0.87065263 -0.81020681]

base.aniso._beta_b_raw:
[-0.57914093 -0.46945999 -0.05119472 -1.20356944]

tweak._w_raw:
[ 0.43893707  1.81503404 -2.44317696  0.74840191 17.24803648 -2.48209518
  0.57962541 -2.46204749 -2.45360408 -2.26100584 -0.42055787 -2.22584283
 -2.22740499 -0.23011625 -0.60301567  0.40097482  0.64785618 -2.34088686
 -2.3485334  -2.40577341 -0.35000359 -2.23016953  0.59520265 -2.18315959
 -2.17919369 -2.39582352 -2.40477621 -2.22086929 -2.22022376 -2.29734716
 -0.65512836 -1.29495553 -1.36102781 -0.70124746 -1.13127343 -1.58519311
 -2.25554826 -2.25483914 -1.19898544 -2.22229213 -2.25545674 -1.81329429
  2.32971282 -2.05143472 -2.03964543]

tweak.logits:
[-0.13792108  0.82221118 -3.81863433 -0.34433799  3.07083218 -3.84411958
 -0.25845728 -3.82226421 -3.81577241 -3.62013213 -1.7868864  -3.55266687
 -3.55430809 -2.04516609 -2.01156026 -0.33851367 -0.62753567 -3.68151191
 -3.68561542 -3.78172212 -1.70382813 -3.59553044 -0.48823895 -3.50068031
 -3.49687481 -3.7595676  -3.76632152 -3.56293322 -3.56152029 -3.67536883
 -2.040488   -2.44306634 -2.68939394 -2.0435124  -2.40497399 -2.9088669
 -3.60869132 -3.60798402 -2.34476656 -3.55004411 -3.60807494 -3.08727016
  1.2208107  -3.40699996 -3.39853791]

