=== POLY Learned Parameters (Age lexus) ===

base.iso._bth:
-2.672792558214938

base.iso._bz:
-0.9228617284323793

base.iso.bthz:
3.6150920437378056

base.aniso._α:
0.11707022297977702

base.aniso._k1:
[-8.74532305 -8.74532305 -5.29792777  3.41995795]

base.aniso._k2:
[9.98835393 9.98835393 5.04911431 0.64033146]

base.aniso._lam0_raw:
[-2. -2. -2. -2.]

base.aniso._lam0h_raw:
[-2.8 -2.8]

base.aniso._kappa:
[1.26258928 1.26258928]

base.aniso._tau_raw:
[-1.08538516 -1.08538516  2.30788353 -2.22772753]

base.aniso._sigma_s_raw:
[-2. -2. -2. -2.]

base.aniso._lambda_lb_raw:
[-4.20864434 -4.20864434 -5.60690077 -5.9745857 ]

base.aniso._lambda_ub_raw:
[1.23730533 1.23730533 3.19285185 0.80864214]

base.aniso._logn_mu_raw:
[-2.85624211 -2.85624211 -4.23667605 -3.27020751]

base.aniso._logn_sig_raw:
[-6.25631031 -6.25631031 -5.69120409 -3.37541505]

base.aniso._beta_a_raw:
[-0.87183897 -0.87183897 -0.87183897 -0.81093022]

base.aniso._beta_b_raw:
[-0.5798185  -0.47000363 -0.05129329 -1.2039728 ]

tweak._w_raw:
[-0.8191813  -0.78125767  0.68852214 -0.70087092 -0.89687207  0.57525565
 -0.74081398  0.99264415  0.78353348 -1.35222546 -0.608289   -0.9497899
 -0.94607224 -1.47987094 -0.30122213 -1.06376754 -1.07506912 -0.81337603
 -0.81254105 -1.18086007 -0.69063551 -1.41072418 -0.35910747 -0.9397134
 -0.94036684 -0.67286414 -0.63595601 -1.08668987 -1.08642473 -1.3440339
 -0.65361629 -0.69488033 -1.27161607 -0.576154   -1.09130772 -0.73922118
 -1.2255256  -1.20544666 -0.67922392 -0.93527043 -1.20280937 -0.53914895
  0.9193879  -1.35462659 -1.33163286]

tweak.logits:
[-2.18579056 -2.08131125 -0.30341999 -2.11615574 -2.27075104 -0.41458924
 -2.14938535 -0.13791767 -0.30784931 -2.89547991 -2.04822127 -2.39854467
 -2.40178944 -3.06496693 -1.73394625 -2.57252879 -2.58007611 -2.23381615
 -2.22544194 -2.67867591 -2.13104978 -3.03346566 -1.73939395 -2.44994242
 -2.45519455 -2.1168167  -2.07452226 -2.61498139 -2.6169993  -2.88106412
 -2.09382183 -1.91732666 -2.79263697 -1.86983897 -2.55931129 -2.08908514
 -2.71876574 -2.70088172 -1.87839259 -2.39015863 -2.69576256 -1.89036843
 -0.36501665 -2.91298006 -2.88933747]

