=== POLY Learned Parameters (Age Dodge) ===

base.iso._bth:
-3.098867471749635

base.iso._bz:
-0.8137128483069074

base.iso.bthz:
6.333217526516175

base.aniso._α:
-3.1941283848084683

base.aniso._k1:
[13.56654515 13.56654515 -4.3878442   5.33245656]

base.aniso._k2:
[-3.65375978 -3.65375978 33.5328396  -1.35930952]

base.aniso._lam0_raw:
[-2. -2. -2. -2.]

base.aniso._lam0h_raw:
[-2.8 -2.8]

base.aniso._kappa:
[-3.18544284 -3.18544284]

base.aniso._tau_raw:
[ 6.70762797  6.70762797  3.80605879 -1.61428675]

base.aniso._sigma_s_raw:
[-2. -2. -2. -2.]

base.aniso._lambda_lb_raw:
[-2.9719444  -2.9719444  -3.94516413 -6.37987467]

base.aniso._lambda_ub_raw:
[-0.2508252  -0.2508252   2.0655696   1.15482168]

base.aniso._logn_mu_raw:
[-3.59640859 -3.59640859 -5.61211498 -3.37957481]

base.aniso._logn_sig_raw:
[-5.73215113 -5.73215113 -9.80687237 -4.10260478]

base.aniso._beta_a_raw:
[-0.87183897 -0.87183897 -0.87183897 -0.81093022]

base.aniso._beta_b_raw:
[-0.5798185  -0.47000363 -0.05129329 -1.2039728 ]

tweak._w_raw:
[ 0.64947756  4.59767265 -2.48878374 -0.22105775 10.13850049 -2.47491545
  0.0536996  -2.54665707 -2.53202512 -2.63196639 -0.83862007 -2.62573208
 -2.65679194 -2.1947278  -1.01290865 -2.17180925 -2.19868458 -2.68484314
 -2.67326178 -2.62569788 -0.69131826 -2.47515612 -0.25447069 -2.56103914
 -2.52775926 -2.51300564 -2.52797918 -2.5981315  -2.59619479 -2.55018224
 -1.05838155 -0.58403396 -2.08145754 -1.40318709 -1.75875626 -1.99782415
 -2.6097841  -2.5951427  -0.39348568 -2.63717512 -2.60011961 -1.35230524
  1.47962712 -2.53637743 -2.53984711]

tweak.logits:
[-0.30173123  2.31087368 -3.92108168 -1.44795422  3.8568408  -3.90882241
 -0.94674635 -3.96850874 -3.95429541 -4.10848351 -2.30912466 -4.08894953
 -4.10920639 -3.76631772 -2.49460133 -3.71676047 -3.73978071 -4.14190029
 -4.13215059 -4.10230169 -2.13488663 -3.94636712 -1.58031401 -3.99405919
 -3.97063186 -3.95699923 -3.97012218 -4.06892024 -4.07346825 -4.00424084
 -2.5166387  -1.92325158 -3.55521375 -2.83259103 -3.23950728 -3.44141178
 -4.08769706 -4.0749297  -1.67943413 -4.09956044 -4.0767919  -2.74805318
  0.70320878 -4.02776678 -4.03151739]

