=== POLY Learned Parameters (Age Lucid) ===

base.iso._bth:
-6.056966299009119

base.iso._bz:
3.263234460213912

base.iso.bthz:
-1.582784386560786

base.aniso._α:
-1.2249136575665662

base.aniso._k1:
[ 5.89238461  5.89238461 -7.22986357 -1.44802056]

base.aniso._k2:
[7.5312425  7.5312425  7.3810411  5.50918523]

base.aniso._lam0_raw:
[-2. -2. -2. -2.]

base.aniso._lam0h_raw:
[-2.8 -2.8]

base.aniso._kappa:
[-0.66726073 -0.66726073]

base.aniso._tau_raw:
[ 6.10926624  6.10926624 -1.0569655   0.02409459]

base.aniso._sigma_s_raw:
[-2. -2. -2. -2.]

base.aniso._lambda_lb_raw:
[-2.59055957 -2.59055957 -2.05310754 -1.01195371]

base.aniso._lambda_ub_raw:
[-4.73917228 -4.73917228  1.2335301  -2.36471732]

base.aniso._logn_mu_raw:
[-1.18635489 -1.18635489 -2.81869338  0.24399773]

base.aniso._logn_sig_raw:
[-5.94222936 -5.94222936 -2.75957649 -1.11096991]

base.aniso._beta_a_raw:
[-0.87183897 -0.87183897 -0.87183897 -0.81093022]

base.aniso._beta_b_raw:
[-0.5798185  -0.47000363 -0.05129329 -1.2039728 ]

tweak._w_raw:
[-1.3116076  -1.1487251   0.15129691  0.36071449 -1.7382796   0.07123642
  0.44877896 -0.68024922 -0.30485399 -2.12766428 -1.33033289 -1.98524248
 -1.96586322 -1.95685847 -1.31661082 -1.69011673 -1.69411652 -2.03303785
 -2.0470314  -2.14958044 -1.02221739 -1.62439462  0.58342681 -1.45265445
 -1.5148658  -1.66526082 -1.63814372 -2.05337282 -2.04200447 -2.07588669
 -1.3751411  -1.23971031 -1.77885102 -1.52162816 -1.31376901 -1.83747408
 -2.0406281  -2.01208537 -0.85259187 -1.95266052 -2.02523846 -1.6236891
  0.62509574 -2.01770555 -2.01236823]

tweak.logits:
[-2.50175265 -2.33606622 -0.53741095 -0.68294551 -3.22590949 -0.62029515
 -0.48381414 -1.49439955 -0.89442574 -3.5865652  -2.77251171 -3.44744361
 -3.43629712 -3.45846909 -2.79094764 -3.1812338  -3.18258715 -3.48011234
 -3.49694714 -3.59478209 -2.33958336 -3.0902164  -0.48150909 -2.88853015
 -2.9626479  -3.08122833 -3.04595407 -3.53546633 -3.52675148 -3.50968622
 -2.80879285 -2.6755394  -3.26688701 -3.01477742 -2.74052938 -3.36964746
 -3.50598297 -3.4795073  -2.11732811 -3.42568252 -3.49025884 -3.1082731
 -0.31204143 -3.50555025 -3.49724311]

