=== POLY Learned Parameters (Age Rosie) ===

base.iso._bth:
-5.167538179795216

base.iso._bz:
0.9489046869361545

base.iso.bthz:
2.3882383116620627

base.aniso._α:
3.1276117829196184

base.aniso._k1:
[ 1.26730309  1.26730309 -0.91658429 -1.08858319]

base.aniso._k2:
[13.60796133 13.60796133  6.93870088  7.74951829]

base.aniso._lam0_raw:
[-2. -2. -2. -2.]

base.aniso._lam0h_raw:
[-2.8 -2.8]

base.aniso._kappa:
[0.26836126 0.26836126]

base.aniso._tau_raw:
[-1.35225887 -1.35225887  4.44639102 -1.10778573]

base.aniso._sigma_s_raw:
[-2. -2. -2. -2.]

base.aniso._lambda_lb_raw:
[-2.45014566e-257 -2.45014566e-257 -2.45014566e-257 -2.45014566e-257]

base.aniso._lambda_ub_raw:
[1.3019052  1.3019052  1.28803235 1.69156356]

base.aniso._logn_mu_raw:
[-2.80418388 -2.80418388 -2.80026793 -2.79158108]

base.aniso._logn_sig_raw:
[-6.20357469 -6.20357469 -5.23209222 -4.72255778]

base.aniso._beta_a_raw:
[-0.87183897 -0.87183897 -0.87183897 -0.81093022]

base.aniso._beta_b_raw:
[-0.5798185  -0.47000363 -0.05129329 -1.2039728 ]

tweak._w_raw:
[-0.15855018 -0.15478389 -0.13576221 -0.14824454 -0.13045345 -0.13602257
 -0.14801226 -0.1474967  -0.14745984 -0.13794685 -0.13821115 -0.13799797
 -0.13773288 -0.12986994 -0.13040714 -0.13084869 -0.13077601 -0.13877009
 -0.13895129 -0.13907827 -0.1385822  -0.13507717 -0.14319621 -0.14294374
 -0.14267603 -0.14542897 -0.14549481 -0.13784496 -0.1377247  -0.13773291
 -0.137453   -0.1400458  -0.13298915 -0.13588532 -0.12866924 -0.13326911
 -0.14014431 -0.14006797 -0.14045434 -0.13783737 -0.14050557 -0.13784618
  0.20831595 -0.13925636 -0.13920354]

tweak.logits:
[-1.61435576 -1.60660172 -1.5698773  -1.58847252 -1.5486999  -1.5703994
 -1.58840404 -1.58707161 -1.58704181 -1.57651949 -1.56392513 -1.56394855
 -1.5637471  -1.55833032 -1.54530459 -1.54677447 -1.54678022 -1.56616064
 -1.56639797 -1.57927673 -1.56547901 -1.5699412  -1.57667171 -1.57614954
 -1.57567825 -1.58252133 -1.58260731 -1.56354182 -1.56328302 -1.5763464
 -1.56284547 -1.57183175 -1.5581502  -1.56018293 -1.54634562 -1.55358081
 -1.57218118 -1.57221756 -1.57284168 -1.5638752  -1.57309608 -1.56348946
 -1.12866395 -1.56927855 -1.56916723]

