=== POLY Learned Parameters (Age Gus) ===

base.iso._bth:
-2.197794509042613

base.iso._bz:
2.6621852763423717

base.iso.bthz:
0.7566155670506306

base.aniso._α:
1.9124322115032717

base.aniso._k1:
[ 3.27669399  3.27669399 -6.49485149  0.61031778]

base.aniso._k2:
[ 3.35342661  3.35342661 10.67585896  5.20721614]

base.aniso._lam0_raw:
[-2.00000821 -2.00000821 -2.00000821 -2.00000821]

base.aniso._lam0h_raw:
[-2.80000164 -2.80000164]

base.aniso._kappa:
[-2.27690152 -2.27690152]

base.aniso._tau_raw:
[-1.17062827 -1.17062827 -0.32997102 -2.31145821]

base.aniso._sigma_s_raw:
[-2.00000821 -2.00000821 -2.00000821 -2.00000821]

base.aniso._lambda_lb_raw:
[-2.3256533  -2.3256533  -2.47598121 -1.72974166]

base.aniso._lambda_ub_raw:
[-1.54411407 -1.54411407  0.78265013 -1.1038467 ]

base.aniso._logn_mu_raw:
[-2.56779884 -2.56779884 -0.71862456 -1.43896061]

base.aniso._logn_sig_raw:
[-5.0522635  -5.0522635  -2.65552614 -5.13293614]

base.aniso._beta_a_raw:
[-0.87183405 -0.87183405 -0.87183405 -0.81091189]

base.aniso._beta_b_raw:
[-0.57980435 -0.46999259 -0.05129185 -1.2039433 ]

tweak._w_raw:
[-1.82728727 -1.95672303 -1.96733074 -0.52576244 -1.99428165 -1.96688372
 -0.52075893 -0.15193129 -0.1699737  -1.90121347 -1.43038152 -1.60622469
 -1.60809949 -1.89262327 -1.59050814 -1.7343645  -1.73942907 -1.48542147
 -1.48496175 -1.88439097 -1.29193324 -1.51455185 -1.37872531 -1.51427427
 -1.51434667 -1.36281674 -1.36514103 -1.63729082 -1.64024873 -1.90199499
 -1.43728809 -2.01646467 -1.93827186 -1.94686666 -1.98596404 -1.98080372
 -1.997269   -1.99716293 -2.01404202 -1.60783269 -1.9967466  -1.5268963
  0.27599834 -1.98603694 -1.9859386 ]

tweak.logits:
[-3.04395998 -3.24866724 -3.17540721 -1.78307083 -3.33725807 -3.17481543
 -1.77731552 -0.48586659 -0.54243668 -3.25216336 -2.78962756 -2.95824037
 -2.96268315 -3.39853509 -3.00806966 -3.12580279 -3.12993948 -2.80204197
 -2.8014858  -3.13973557 -2.60211761 -3.15161836 -2.82741645 -2.89400956
 -2.89409464 -2.68801516 -2.69020323 -3.02971836 -3.03260925 -3.2532626
 -2.79839567 -3.33845208 -3.30358147 -3.28501881 -3.38809713 -3.32159205
 -3.32083252 -3.32064363 -3.33531789 -2.96038243 -3.32024278 -2.88092553
 -0.45109779 -3.33586683 -3.33572855]

