=== POLY Learned Parameters (Age Lucid) ===

base.iso._bth:
-3.8623056663919777

base.iso._bz:
2.8275499252001803

base.iso.bthz:
-2.1024895400078636

base.aniso._α:
-1.1141383669385263

base.aniso._k1:
[ 6.49258762  6.49258762 -4.09730768 -1.21202229]

base.aniso._k2:
[6.48058149 6.48058149 6.55080654 7.42870262]

base.aniso._lam0_raw:
[-2. -2. -2. -2.]

base.aniso._lam0h_raw:
[-2.8 -2.8]

base.aniso._kappa:
[-0.43278137 -0.43278137]

base.aniso._tau_raw:
[ 5.7026776  5.7026776 -1.0143612 -0.0186146]

base.aniso._sigma_s_raw:
[-2. -2. -2. -2.]

base.aniso._lambda_lb_raw:
[-2.69167429 -2.69167429 -2.28876087 -1.43176897]

base.aniso._lambda_ub_raw:
[-3.00229863 -3.00229863  0.89621555 -2.9581611 ]

base.aniso._logn_mu_raw:
[-1.61052967 -1.61052967 -2.37145801 -0.10034266]

base.aniso._logn_sig_raw:
[-5.0398     -5.0398     -2.69771225 -2.70319562]

base.aniso._beta_a_raw:
[-0.87183897 -0.87183897 -0.87183897 -0.81093022]

base.aniso._beta_b_raw:
[-0.5798185  -0.47000363 -0.05129329 -1.2039728 ]

tweak._w_raw:
[-1.23397337 -1.15004916 -1.3366236   0.30178619 -0.98102494 -1.33763114
  0.22919073 -1.29872473 -1.29758661 -1.33272462 -0.79130768 -1.25712368
 -1.27477975 -0.93849012 -0.7314145  -0.89223431 -0.89451972 -1.36344536
 -1.36403213 -1.44128311 -0.75367438 -0.76817095  0.46584239 -0.92145078
 -0.91094963 -1.267793   -1.27029527 -1.2389987  -1.23817348 -1.3267209
 -0.79663862 -0.84223227 -1.07486068 -0.84432679 -0.94646018 -0.90537174
 -1.29834119 -1.30274003 -0.80187661 -1.25691022 -1.29559811 -0.87894717
  0.58337978 -1.1594379  -1.16632748]

tweak.logits:
[-2.64048084 -2.54276139 -2.72982074 -0.38740155 -2.40851601 -2.73178493
 -0.43419698 -2.68923093 -2.68519795 -2.82995612 -2.16258093 -2.73363496
 -2.74975314 -2.46694127 -2.17612235 -2.37185748 -2.37417735 -2.83450779
 -2.8354978  -2.92497921 -2.0715393  -2.23339074 -0.43165754 -2.36242837
 -2.34679927 -2.70095762 -2.70367938 -2.7280924  -2.72613645 -2.81782964
 -2.17229742 -2.12647826 -2.52709859 -2.23880867 -2.36153628 -2.3545225
 -2.78472764 -2.7900113  -2.06661784 -2.73408466 -2.78371841 -2.23173697
 -0.24435557 -2.65810804 -2.66271695]

