=== DISCOVERED Learned Parameters (Age Dodge) ===

aniso._α:
1.2024641928772986

aniso._k1:
[0.6 0.6 0.6 0.6]

aniso._k2:
[0.1 0.1 0.1 0.1]

aniso._lam0_raw:
[-2. -2. -2. -2.]

aniso._lam0h_raw:
[-2.8 -2.8]

aniso._kappa:
[0.1 0.1]

aniso._tau_raw:
[-4. -4. -4. -4.]

aniso._sigma_s_raw:
[-2. -2. -2. -2.]

aniso._lambda_lb_raw:
[-2.48490665 -2.48490665 -2.48490665 -2.48490665]

aniso._lambda_ub_raw:
[1. 1. 1. 1.]

aniso._logn_mu_raw:
[-2.2 -2.2 -2.2 -2.2]

aniso._logn_sig_raw:
[-2. -2. -2. -2.]

aniso._beta_a_raw:
[-0.87183897 -0.87183897 -0.87183897 -0.81093022]

aniso._beta_b_raw:
[-0.5798185  -0.47000363 -0.05129329 -1.2039728 ]

tweak._w_raw:
[ 0.6480376  -2.31625082  0.35793348  0.32253616 -1.27068095  0.36833896
  0.22001484  0.53777395  0.65689792  0.31100045  0.25334837  0.289827
  0.27751839  0.76011272  0.3963453   0.38941574  0.39662426  0.38009357
  0.30261904 -0.10702892  0.27286353  0.12290173  0.65405827  0.60215914
  0.5438205   0.51363638  0.49297853  0.44756721  0.41272809  0.45210704
  0.24294703 -0.11001345  0.44814029 -2.20758756  0.33536277 -2.38768719
  0.58179869  0.43469215 -0.04414949  0.34237967  0.5614356   0.30447914
 -0.98608891 -0.09569028  0.10926822]

tweak.logits:
[-0.27655122 -3.56854268 -0.04159794 -0.91886942 -2.18957978 -0.13566517
 -1.09051087 -0.05960368  0.46233866 -0.81782732 -0.85065691 -0.66503024
 -0.76034951  0.78428626 -0.67815785 -0.59820388 -0.58650498 -0.72578267
 -0.81734145 -1.51882792 -0.93508329  0.11582696 -0.22417359 -0.33217478
 -0.32414306 -0.55126036 -0.5413342  -0.58344764 -0.60933312 -0.57721294
 -0.89827382 -1.51541799 -0.73211187 -3.74810288 -0.53127719 -3.91317039
 -0.15447657 -0.22547362 -1.42661153 -0.74670579 -0.16098362 -0.78860229
 -2.51641185 -1.35761455 -1.13958594]

