=== POLY Learned Parameters (Age Dodge) ===

base.iso._bth:
-6.161184713718516

base.iso._bz:
4.771716032451714

base.iso.bthz:
5.964427916605485

base.aniso._α:
-3.12697647351166

base.aniso._k1:
[ 5.36419847  5.36419847 -1.4134704   5.78926088]

base.aniso._k2:
[-3.67225156 -3.67225156 53.37340666  2.95884582]

base.aniso._lam0_raw:
[-2. -2. -2. -2.]

base.aniso._lam0h_raw:
[-2.8 -2.8]

base.aniso._kappa:
[-3.40639783 -3.40639783]

base.aniso._tau_raw:
[ 7.20864426  7.20864426 -0.74268244 -1.94643596]

base.aniso._sigma_s_raw:
[-2. -2. -2. -2.]

base.aniso._lambda_lb_raw:
[-2.99936072 -2.99936072 -4.68248208 -2.73144003]

base.aniso._lambda_ub_raw:
[ 4.44047247  4.44047247 -0.77435278 -4.14374342]

base.aniso._logn_mu_raw:
[-5.27732443 -5.27732443 -5.55440952 -0.80636683]

base.aniso._logn_sig_raw:
[ -8.1698774   -8.1698774  -11.43947172  -5.58714551]

base.aniso._beta_a_raw:
[-0.87183897 -0.87183897 -0.87183897 -0.81093022]

base.aniso._beta_b_raw:
[-0.5798185  -0.47000363 -0.05129329 -1.2039728 ]

tweak._w_raw:
[ 0.62378814  3.61855154 -2.53894346  0.37761136 12.11348933 -2.54996307
  0.32549907 -2.56479637 -2.57217513 -2.30988726 -0.82499167 -2.27950882
 -2.30117051 -0.20530114 -1.13746166 -0.34338775 -0.22427939 -2.40930215
 -2.40386198 -2.40619993 -0.67379727 -2.30369307 -0.46040149 -2.32354412
 -2.31762505 -2.49709769 -2.49591856 -2.25731054 -2.23428989 -2.2664308
 -1.03886806 -0.28971894 -1.32310327 -1.30651316 -0.97433639 -1.89071874
 -2.30266223 -2.26355871 -0.06963338 -2.29342266 -2.30572805 -1.29688373
  1.42626361 -2.09341242 -2.10497532]

tweak.logits:
[-0.31115866  2.03133929 -3.98066796 -0.46076019  3.62213685 -3.9895313
 -0.40972189 -3.99841927 -4.00362617 -3.79342287 -2.27285844 -3.75339856
 -3.76880849 -2.13522671 -2.63674033 -2.11455968 -2.05588438 -3.87756319
 -3.87329317 -3.88454576 -2.10379409 -3.76012188 -1.82730211 -3.75802448
 -3.75357544 -3.93567622 -3.93673127 -3.73051395 -3.71667052 -3.7226763
 -2.48377802 -0.82492545 -2.79617799 -2.74810558 -2.39371377 -3.35392121
 -3.78376791 -3.75297713 -0.70582749 -3.76319769 -3.78291019 -2.57621498
  0.61442555 -3.59352151 -3.60198035]

