=== POLY Learned Parameters (Age Gus) ===

base.iso._bth:
-1.943590882664788

base.iso._bz:
3.118605920105455

base.iso.bthz:
0.5387862463868099

base.aniso._α:
3.0701153620868595

base.aniso._k1:
[ -3.334168    -3.334168   -12.51933097  -0.12509947]

base.aniso._k2:
[ 9.20863883  9.20863883 17.08108427  4.81163962]

base.aniso._lam0_raw:
[-1.98637895 -1.98637895 -1.98637895 -1.98637895]

base.aniso._lam0h_raw:
[-2.78259901 -2.78259901]

base.aniso._kappa:
[-3.31100301 -3.31100301]

base.aniso._tau_raw:
[-0.48068786 -0.48068786 -0.68196325 -1.03161603]

base.aniso._sigma_s_raw:
[-1.98637895 -1.98637895 -1.98637895 -1.98637895]

base.aniso._lambda_lb_raw:
[-3.21504586 -3.21504586 -3.02585308 -2.13473153]

base.aniso._lambda_ub_raw:
[-3.1136109  -3.1136109  -0.37198416 -1.02115819]

base.aniso._logn_mu_raw:
[-3.56405063 -3.56405063 -0.95190159 -2.17425264]

base.aniso._logn_sig_raw:
[-3.88994127 -3.88994127 -2.13506628 -3.89261084]

base.aniso._beta_a_raw:
[-0.86611839 -0.86611839 -0.86611839 -0.79925359]

base.aniso._beta_b_raw:
[-0.56920564 -0.4606824  -0.04919224 -1.20002438]

tweak._w_raw:
[-1.79763676 -1.88328551 -1.90193887 -0.71069182 -1.90434658 -1.90178634
 -0.70436919 -0.83743897 -0.63077212 -1.75540555 -1.57674524 -1.61495953
 -1.61487293 -1.76016973 -1.76413403 -1.78355521 -1.80112161 -1.48112122
 -1.48156541 -1.79030227 -1.44420905 -1.58262015 -1.66377872 -1.70339064
 -1.70338842 -1.36277508 -1.36272527 -1.62753795 -1.62926454 -1.75543252
 -1.57844059 -1.92458854 -1.80382344 -1.8964349  -1.83912584 -1.96157786
 -1.91674674 -1.91656929 -1.92014944 -1.61485186 -1.91634953 -1.59624348
  0.32010715 -1.94748065 -1.94737356]

tweak.logits:
[-2.95476916 -3.09838281 -3.02837269 -1.84590123 -3.16304404 -3.02814347
 -1.8363286  -1.92580348 -1.49843673 -2.97400251 -2.86342321 -2.8969529
 -2.89682033 -3.16351318 -3.0726809  -3.09181993 -3.10722432 -2.73760131
 -2.73798429 -2.93950695 -2.70761381 -3.20925422 -2.99178574 -3.02377362
 -3.02377218 -2.62249066 -2.62234514 -2.92223646 -2.9240532  -2.9742519
 -2.86541529 -3.16692047 -3.05439521 -3.1619083  -3.13585049 -3.23932727
 -3.15780813 -3.15760703 -3.16024073 -2.89679274 -3.15745757 -2.88024976
 -1.03091443 -3.21307132 -3.21291524]

