=== POLY Learned Parameters (Age Mojito) ===

base.iso._bth:
-1.458522047029888

base.iso._bz:
2.1603588207260156

base.iso.bthz:
3.416557956793643

base.aniso._α:
-1.0715253525649464

base.aniso._k1:
[ 0.65078892  0.65078892 -6.31243063 -0.55330732]

base.aniso._k2:
[-0.80674852 -0.80674852 11.81605821 10.55572195]

base.aniso._lam0_raw:
[-2. -2. -2. -2.]

base.aniso._lam0h_raw:
[-2.8 -2.8]

base.aniso._kappa:
[-1.24008092 -1.24008092]

base.aniso._tau_raw:
[-3.22630615 -3.22630615  2.80603952 -1.41166277]

base.aniso._sigma_s_raw:
[-2. -2. -2. -2.]

base.aniso._lambda_lb_raw:
[  1.01762466   1.01762466 -10.81554723  -1.66735596]

base.aniso._lambda_ub_raw:
[ 3.42943447  3.42943447  2.62426578 -2.3768674 ]

base.aniso._logn_mu_raw:
[-3.34344384 -3.34344384 -2.5529144  -1.13419212]

base.aniso._logn_sig_raw:
[-4.70432552 -4.70432552 -1.96653589 -3.14449462]

base.aniso._beta_a_raw:
[-0.87183897 -0.87183897 -0.87183897 -0.81093022]

base.aniso._beta_b_raw:
[-0.5798185  -0.47000363 -0.05129329 -1.2039728 ]

tweak._w_raw:
[-0.86928082 -1.59124457 -1.29771886  0.48513527  3.28523295 -1.2494972
  0.01255317 -0.07954466 -0.53578073 -1.77403322 -1.2414138  -1.26649801
 -1.27250634 -1.46952986 -1.3885086  -1.24246027 -1.14436381 -1.45449972
 -1.45683746 -1.84166394 -1.008285   -0.57242123 -1.00073154 -0.79881577
 -0.72000501 -1.3279424  -1.38960279 -1.46954944 -1.45392349 -1.7494339
 -1.37458233 -1.05351689 -1.66698907 -1.3440137  -1.25443069  1.01613874
 -2.11755732 -2.04739135 -1.19158743 -1.34041868 -2.0682716  -1.07686617
  1.07356654 -2.09935553 -2.05617659]

tweak.logits:
[-1.98029363 -2.72010247 -2.68228692 -0.77291983  2.00274657 -2.62935325
 -1.26690606 -1.08058924 -1.70777763 -3.20149723 -2.66200482 -2.62647528
 -2.61884523 -2.92525503 -2.84277158 -2.62396936 -2.51454157 -2.81178696
 -2.81997526 -3.25780341 -2.41724604 -2.00249891 -2.42543621 -2.13437445
 -2.00499533 -2.68783502 -2.75344857 -2.86181211 -2.85747914 -3.12621171
 -2.80505446 -2.37555582 -3.09624523 -2.77798191 -2.62266979 -0.24748293
 -3.52279499 -3.44528706 -2.53383327 -2.70121346 -3.47284165 -2.46205682
 -0.20852299 -3.52123376 -3.47196584]

