=== POLY Learned Parameters (Age Audi) ===

base.iso._bth:
-8.261189455231857

base.iso._bz:
-1.5204617449734923

base.iso.bthz:
-0.14640114773327836

base.aniso._α:
-5.725108213267659

base.aniso._k1:
[-3.30620697 -3.30620697  7.62961031  5.0903886 ]

base.aniso._k2:
[ 7.6738235   7.6738235  -5.70828945  0.108326  ]

base.aniso._lam0_raw:
[-2. -2. -2. -2.]

base.aniso._lam0h_raw:
[-2.8 -2.8]

base.aniso._kappa:
[0.73507124 0.73507124]

base.aniso._tau_raw:
[ 0.46020604  0.46020604 -2.16491686  1.87846796]

base.aniso._sigma_s_raw:
[-2. -2. -2. -2.]

base.aniso._lambda_lb_raw:
[-0.96159593 -0.96159593 -1.12042127 -0.44891072]

base.aniso._lambda_ub_raw:
[ 0.06287349  0.06287349 -1.10457508 -1.20857205]

base.aniso._logn_mu_raw:
[-2.52300427 -2.52300427 -3.1842858  -2.38418182]

base.aniso._logn_sig_raw:
[-5.08412002 -5.08412002 -8.58919642 -4.6693091 ]

base.aniso._beta_a_raw:
[-0.87183897 -0.87183897 -0.87183897 -0.81093022]

base.aniso._beta_b_raw:
[-0.5798185  -0.47000363 -0.05129329 -1.2039728 ]

tweak._w_raw:
[-2.42246387 -2.26985569 -1.1526205  -1.20030206 -0.79224813 -1.17458739
 -1.21157151 -1.27498285 -1.25017113 -2.32581043 -0.80049516 -2.27314567
 -2.27853411 -1.95467649 -0.33355197 -1.91975361 -1.92143943 -2.32672496
 -2.32644326 -2.32138968 -1.0359668   0.58667447 -0.67245208  0.67805583
  0.97398229 -1.99214656 -1.9922226  -2.24784754 -2.25268836 -2.23402748
 -0.83122987 -1.77056256 -1.91367409 -1.44342204  1.0799201   0.79251804
 -2.27911043 -2.27698487 -1.73217009 -2.27947915 -2.28964079 -1.76615422
  2.38243402 -2.12560834 -2.12576278]

tweak.logits:
[-3.9944204  -3.85410687 -3.65220552 -2.88097543 -2.4525651  -3.66704852
 -2.89651338 -3.78792246 -3.74329295 -4.398709   -2.42699015 -4.35130279
 -4.36060824 -4.05680528 -1.92149053 -4.02461317 -4.03602361 -4.42325912
 -4.42286744 -4.42581677 -2.66760746 -1.55808432 -2.29583796 -1.56613853
 -1.12307708 -4.31592243 -4.31547694 -4.33227148 -4.33314826 -4.33671784
 -2.45483365 -3.36864657 -3.73807562 -3.06963731 -0.61208003 -0.74417986
 -4.35611227 -4.35406915 -3.33380159 -4.35644845 -4.38477998 -3.36836308
  0.25133591 -4.22348483 -4.22384735]

