=== POLY Learned Parameters (Age Original) ===

base.iso._bth:
-5.947706095713337

base.iso._bz:
-7.543526507082609

base.iso.bthz:
3.392076709720781

base.aniso._α:
-0.8464200977605654

base.aniso._k1:
[17.85119223 17.85119223  7.21009761  9.52724844]

base.aniso._k2:
[20.053469   20.053469   16.88505829 -6.1358689 ]

base.aniso._lam0_raw:
[-2. -2. -2. -2.]

base.aniso._lam0h_raw:
[-2.8 -2.8]

base.aniso._kappa:
[-4.93723819 -4.93723819]

base.aniso._tau_raw:
[ 6.23895638  6.23895638  2.93907783 -2.54448011]

base.aniso._sigma_s_raw:
[-2. -2. -2. -2.]

base.aniso._lambda_lb_raw:
[-7.7669465  -7.7669465  -2.55192888 -5.7339323 ]

base.aniso._lambda_ub_raw:
[-7.38795508 -7.38795508  0.22956119 -8.12886617]

base.aniso._logn_mu_raw:
[-1.57842518 -1.57842518 -4.17532937 -1.6440579 ]

base.aniso._logn_sig_raw:
[-2.47882039 -2.47882039 -2.70245925 -5.62950584]

base.aniso._beta_a_raw:
[-0.87183897 -0.87183897 -0.87183897 -0.81093022]

base.aniso._beta_b_raw:
[-0.5798185  -0.47000363 -0.05129329 -1.2039728 ]

tweak._w_raw:
[-1.3432588  -2.0123707  -2.81511728  0.61581585 -2.32737509 -2.85474064
  0.59295882 -0.27455098 -0.28860199 -2.2793205  -2.40063816 -2.04571407
 -2.08706185  0.22348242 -2.70850207 -0.47499316 -0.38188912 -2.14846585
 -2.16348847 -2.20136233 -2.15957465 -2.78882059 -2.48224585 -1.08765894
 -0.8920883  -0.09834426  0.03249921 -2.06540712 -2.13609542 -2.12396514
 -2.43742482 -2.26781835 -1.49570161 -2.66972927 -1.41151331 -2.91965828
 -2.35056603 -2.28432486 -2.25253834 -1.9863576  -2.28493134 -1.32353105
  0.72019258 -1.93601259 -1.97700857]

tweak.logits:
[-2.95509127 -3.21320577 -4.23004063 -0.38255277 -3.44564378 -4.27178613
 -0.35548314 -1.33005752 -1.40513934 -3.64093901 -3.84146481 -3.47313615
 -3.51790127 -0.61673268 -4.1341714  -1.70678508 -1.65446163 -3.56973695
 -3.60068198 -3.55204097 -3.60381238 -4.20325187 -3.89522434 -2.29917895
 -2.20546189 -0.88473565 -0.79081408 -3.53375911 -3.60672545 -3.42935614
 -3.87737794 -3.69665863 -2.79572225 -4.01462372 -2.77340612 -4.23677483
 -3.74605975 -3.6773663  -3.6971806  -3.41036983 -3.68407377 -2.85815336
 -0.18606485 -3.27254421 -3.30601139]

