=== POLY Learned Parameters (Age Rosie) ===

base.iso._bth:
-6.868448975256376

base.iso._bz:
-1.9983481469584756

base.iso.bthz:
0.07778454045169947

base.aniso._α:
2.5516871483779116

base.aniso._k1:
[ 6.02392575  6.02392575 -0.76975634 -1.17197099]

base.aniso._k2:
[26.86932948 26.86932948  7.61710409  6.71209005]

base.aniso._lam0_raw:
[-2. -2. -2. -2.]

base.aniso._lam0h_raw:
[-2.8 -2.8]

base.aniso._kappa:
[0.16464778 0.16464778]

base.aniso._tau_raw:
[ 0.65258679  0.65258679  4.13392298 -1.38249123]

base.aniso._sigma_s_raw:
[-2. -2. -2. -2.]

base.aniso._lambda_lb_raw:
[-5.83544791e-002 -5.83544791e-002 -6.98653872e-002  1.56623708e-269]

base.aniso._lambda_ub_raw:
[2.17833875 2.17833875 1.44031982 2.57898323]

base.aniso._logn_mu_raw:
[-3.7860895  -3.7860895  -2.93593057 -2.32307147]

base.aniso._logn_sig_raw:
[-7.34030057 -7.34030057 -4.78860095 -3.78803742]

base.aniso._beta_a_raw:
[-0.87183897 -0.87183897 -0.87183897 -0.81093022]

base.aniso._beta_b_raw:
[-0.5798185  -0.47000363 -0.05129329 -1.2039728 ]

tweak._w_raw:
[-0.87050414 -0.81032338 -0.85135948 -0.31560489 -0.62401419 -0.85236453
 -0.3126341  -0.31528954 -0.31658247 -0.75631378 -0.57234775 -0.61318284
 -0.61590808 -0.59707181 -0.63216704 -0.66508081 -0.66552561 -0.60502609
 -0.60758854 -0.77828545 -0.56013898 -0.78728118 -0.46035274 -0.49042289
 -0.4930899  -0.40294872 -0.39934635 -0.5987047  -0.59516505 -0.75359716
 -0.57402441 -0.63651785 -0.5949414  -0.49640795 -0.54002922 -0.43977454
 -0.64815823 -0.64671713 -0.63433286 -0.6137533  -0.64546265 -0.59717605
  0.48267312 -0.63658568 -0.63617676]

tweak.logits:
[-2.4491962  -2.36348408 -2.36999717 -1.5824392  -2.05345406 -2.37131886
 -1.57972626 -1.52776289 -1.5292002  -2.24824201 -1.99992678 -2.06590878
 -2.07014798 -2.04261041 -2.09794837 -2.15021896 -2.15135648 -2.05248123
 -2.05559633 -2.28037655 -1.9809417  -2.28301485 -1.81189433 -1.85029533
 -1.8554866  -1.69301748 -1.68734764 -2.03915721 -2.03523584 -2.24540704
 -2.00383939 -2.02826772 -1.99177527 -1.84916443 -1.89105561 -1.75115323
 -2.04970312 -2.04754805 -2.02411276 -2.06626356 -2.04572291 -2.03943103
 -0.82087284 -2.03328777 -2.03348376]

