=== POLY Learned Parameters (Age Original) ===

base.iso._bth:
-7.023683642345187

base.iso._bz:
-6.592622507404468

base.iso.bthz:
0.6893418075437527

base.aniso._α:
-1.0550182945353848

base.aniso._k1:
[ 4.31286141  4.31286141 14.69735697  0.45713764]

base.aniso._k2:
[ 6.89048487  6.89048487 24.10483391 -3.47727452]

base.aniso._lam0_raw:
[-2. -2. -2. -2.]

base.aniso._lam0h_raw:
[-2.8 -2.8]

base.aniso._kappa:
[-0.64881932 -0.64881932]

base.aniso._tau_raw:
[ 4.14553328  4.14553328 -6.60143522 -2.13286765]

base.aniso._sigma_s_raw:
[-2. -2. -2. -2.]

base.aniso._lambda_lb_raw:
[-6.34374336 -6.34374336 -1.32446461 -7.1453165 ]

base.aniso._lambda_ub_raw:
[1.4932382  1.4932382  3.42651708 4.02867303]

base.aniso._logn_mu_raw:
[-4.92416985 -4.92416985 -2.01669769 -4.70190241]

base.aniso._logn_sig_raw:
[-4.04033847 -4.04033847 -7.23039752 -1.20372725]

base.aniso._beta_a_raw:
[-0.87183897 -0.87183897 -0.87183897 -0.81093022]

base.aniso._beta_b_raw:
[-0.5798185  -0.47000363 -0.05129329 -1.2039728 ]

tweak._w_raw:
[-2.71531696 -2.55747089 -2.66094112  0.68727129 -2.51814919 -2.70044609
  0.68839161 -0.86541609 -0.84761684 -2.02749642 -1.24448307 -1.5415942
 -1.54597556  0.27714565 -1.40160195 -1.135131   -0.90160565 -1.73060764
 -1.62392446 -2.0531256  -1.05714288 -2.65242006 -0.0931394  -1.1794393
 -0.95123753 -0.68517616 -0.56658812 -1.6867164  -1.57624592 -2.03400234
 -1.38627469 -2.33066823 -1.75244609 -1.8338934  -1.62322148 -0.00399979
 -2.11524064 -2.11031427 -2.33348863 -1.54078221 -2.08732957 -1.52536637
  0.60267907 -1.87767233 -1.89580969]

tweak.logits:
[-4.07854541 -3.87817486 -4.12475784 -0.33257528 -3.8021399  -4.16251473
 -0.30257833 -2.37291075 -2.37548012 -3.41803745 -2.68704151 -3.04919729
 -3.06301577 -0.60704563 -2.7456093  -2.46957173 -2.21521361 -3.22340608
 -3.15094798 -3.45635877 -2.49438557 -4.10753313 -1.03929143 -2.65989424
 -2.47010669 -1.9270069  -1.76762283 -3.17754376 -3.08790742 -3.39290832
 -2.79857908 -3.79012409 -3.18834208 -3.27464512 -3.04521807 -0.65633375
 -3.54054264 -3.5320892  -3.81775652 -3.04595638 -3.50569061 -3.06213635
 -0.17849759 -3.28814608 -3.29637886]

