=== POLY Learned Parameters (Age Martini) ===

base.iso._bth:
-7.187439723123046

base.iso._bz:
4.702259115590593

base.iso.bthz:
0.8928008083680113

base.aniso._α:
-1.2386891703097567

base.aniso._k1:
[-1.37243195 -1.37243195 -0.3477255   4.19008388]

base.aniso._k2:
[-3.12870515 -3.12870515 16.26785387  4.32336882]

base.aniso._lam0_raw:
[-2. -2. -2. -2.]

base.aniso._lam0h_raw:
[-2.8 -2.8]

base.aniso._kappa:
[-1.12180471 -1.12180471]

base.aniso._tau_raw:
[-0.0097988  -0.0097988  -0.77825215 -1.83452387]

base.aniso._sigma_s_raw:
[-2. -2. -2. -2.]

base.aniso._lambda_lb_raw:
[ 2.50488452e+00  2.50488452e+00 -3.66160660e-01  2.65565677e-47]

base.aniso._lambda_ub_raw:
[ 1.95165364  1.95165364 -0.30772852 -0.45860293]

base.aniso._logn_mu_raw:
[ 0.46238453  0.46238453 -4.2093391  -3.01937521]

base.aniso._logn_sig_raw:
[-0.65072497 -0.65072497 -3.35350469 -1.37595749]

base.aniso._beta_a_raw:
[-0.87183897 -0.87183897 -0.87183897 -0.81093022]

base.aniso._beta_b_raw:
[-0.5798185  -0.47000363 -0.05129329 -1.2039728 ]

tweak._w_raw:
[ 0.14202019  5.78377368 -1.69862245  0.25069572  6.92606911 -1.78007139
  0.19344782  0.15499466  0.19361565 -2.45855603 -1.33177385 -2.23093939
 -2.23870256 -2.30390016 -1.58945113 -2.08777627 -2.08499787 -2.29562178
 -2.28918695 -2.48558514 -0.9014185  -2.21117599 -1.00808918 -1.89978499
 -1.94072452 -1.7861789  -1.85529673 -2.28702198 -2.25395069 -2.43736761
 -1.48421853 -1.89450801 -2.35865118 -1.49187099 -2.32845556 -2.45193839
 -2.39241934 -2.36658587 -1.89086485 -2.29219568 -2.41064723  0.58621319
  1.02201471 -2.34100517 -2.3374992 ]

tweak.logits:
[-0.9416963   2.93820519 -3.02198538 -0.90765794  1.50571903 -3.13271181
 -0.98508011 -0.66577382 -0.53852527 -3.99960112 -2.81775523 -3.77305432
 -3.78104941 -3.96916212 -3.16017886 -3.7393115  -3.73709264 -3.80581247
 -3.79991201 -3.99576695 -2.26111222 -3.80065261 -2.43307944 -3.46390855
 -3.48243762 -3.15296866 -3.23867318 -3.82490201 -3.79509915 -3.94873233
 -2.92926622 -3.17864255 -3.89288043 -3.05016617 -3.82286271 -4.01621098
 -3.92963402 -3.9117032  -3.16376793 -3.8404665  -3.93940452 -0.46071828
  0.6808771  -3.91370505 -3.90698115]

