=== POLY Learned Parameters (Age Mojito) ===

base.iso._bth:
-4.304910188337592

base.iso._bz:
2.4403630804276446

base.iso.bthz:
3.2365656475860938

base.aniso._α:
-3.2122893291323074

base.aniso._k1:
[ 2.60539714  2.60539714 -8.38146033 -3.23431806]

base.aniso._k2:
[-0.94518465 -0.94518465  5.5730165   2.78451907]

base.aniso._lam0_raw:
[-2. -2. -2. -2.]

base.aniso._lam0h_raw:
[-2.8 -2.8]

base.aniso._kappa:
[-2.05727946 -2.05727946]

base.aniso._tau_raw:
[5.64547636 5.64547636 2.93820069 0.71445545]

base.aniso._sigma_s_raw:
[-2. -2. -2. -2.]

base.aniso._lambda_lb_raw:
[ -8.11693951  -8.11693951 -12.67919995  -1.78471369]

base.aniso._lambda_ub_raw:
[-0.7229366  -0.7229366   1.63930617  2.91517102]

base.aniso._logn_mu_raw:
[-3.05928457 -3.05928457 -4.27241632 -4.32262434]

base.aniso._logn_sig_raw:
[-3.24450522 -3.24450522 -4.43110645 -3.38118569]

base.aniso._beta_a_raw:
[-0.87183897 -0.87183897 -0.87183897 -0.81093022]

base.aniso._beta_b_raw:
[-0.5798185  -0.47000363 -0.05129329 -1.2039728 ]

tweak._w_raw:
[-0.22767075  0.3392857  -1.15041604  0.12337736  1.49068073 -1.10822417
 -0.01664482 -1.15893588 -1.15392297 -1.59175836 -1.14258177 -1.52926503
 -1.498579   -1.41148741 -1.03284109 -1.34021462 -1.35824274 -1.6500881
 -1.67791884 -1.68767123 -1.25199926 -0.94593886  0.38620367 -0.93552096
 -0.95119711 -1.39863241 -1.39225805 -1.51755829 -1.54968655 -1.51290407
 -1.21415818 -0.89673051 -1.4398221  -1.28645308 -1.41837729  0.48209809
 -1.61583958 -1.50690921 -0.88965724 -1.52994997 -1.53873806 -0.70020034
  0.76976049 -1.45978661 -1.45149131]

tweak.logits:
[-1.53009372  0.58317012 -2.45712773 -0.4106522   0.05512593 -2.45162524
 -0.39970537 -2.47099095 -2.47298841 -2.95943288 -2.40422078 -2.90515168
 -2.87093471 -2.77713913 -2.33864273 -2.70594414 -2.69410569 -3.0241955
 -3.04679224 -3.06113473 -2.49631817 -2.23694117 -0.79240366 -2.24274934
 -2.20089995 -2.75830593 -2.75060947 -2.88650049 -2.91487389 -2.84295241
 -2.49717979 -1.93701354 -2.79720109 -2.46005278 -2.75986508  0.03901594
 -2.98827748 -2.87350562 -1.92314108 -2.90993905 -2.8961865  -1.52190338
 -0.007379   -2.82694103 -2.82387294]

