=== POLY Learned Parameters (Age Lucid) ===

base.iso._bth:
-1.4874031774156533

base.iso._bz:
3.3578195256056977

base.iso.bthz:
0.9752646981298466

base.aniso._α:
-3.0878261514995127

base.aniso._k1:
[-0.71786945 -0.71786945  1.1749949   1.77289253]

base.aniso._k2:
[12.11632236 12.11632236  6.3483972   4.29553946]

base.aniso._lam0_raw:
[-2. -2. -2. -2.]

base.aniso._lam0h_raw:
[-2.8 -2.8]

base.aniso._kappa:
[1.54340773 1.54340773]

base.aniso._tau_raw:
[-0.60770269 -0.60770269  5.11795331 -1.50866242]

base.aniso._sigma_s_raw:
[-2. -2. -2. -2.]

base.aniso._lambda_lb_raw:
[-3.27330737 -3.27330737 -3.99456706 -2.18364197]

base.aniso._lambda_ub_raw:
[-0.86685224 -0.86685224 -0.08168924 -1.66391707]

base.aniso._logn_mu_raw:
[-3.04694504 -3.04694504 -1.35465173 -2.09428225]

base.aniso._logn_sig_raw:
[-3.92038932 -3.92038932 -2.67834962 -1.43346444]

base.aniso._beta_a_raw:
[-0.87183897 -0.87183897 -0.87183897 -0.81093022]

base.aniso._beta_b_raw:
[-0.5798185  -0.47000363 -0.05129329 -1.2039728 ]

tweak._w_raw:
[-1.27888116e+00 -1.19319653e+00 -3.62302060e-01  9.97010156e-02
 -1.29354212e+00 -2.36809718e-01  4.62004606e-04 -8.19608986e-01
 -7.76422964e-01 -1.52864897e+00 -9.25747736e-01 -1.43247814e+00
 -1.47353827e+00 -1.02303607e+00 -9.59004190e-01 -9.22327911e-01
 -7.81879447e-01 -1.60318005e+00 -1.60409720e+00 -1.65030619e+00
 -7.94628204e-01 -2.26528554e-01 -5.21083777e-01 -2.73399877e-01
 -1.70950613e-01 -1.36138589e+00 -1.32380900e+00 -1.45385271e+00
 -1.47886475e+00 -1.50324824e+00 -9.77022260e-01 -8.87419049e-01
 -1.21565672e+00 -1.13613828e+00 -4.73725079e-01 -1.32845215e+00
 -1.52583064e+00 -1.48099223e+00 -7.99692691e-01 -1.46195943e+00
 -1.49158739e+00 -1.01147182e+00  4.43227649e-01 -1.30971453e+00
 -1.35196290e+00]

tweak.logits:
[-2.54087976 -2.48368372 -0.44151047 -0.56837525 -2.70762679 -0.49183543
 -0.56648333 -1.45993469 -1.2768751  -2.90789874 -2.35138481 -2.80549564
 -2.85938598 -2.34865908 -2.40547363 -2.20207107 -1.92927201 -2.97653816
 -2.97808734 -3.01933842 -2.12428625 -0.90187255 -1.85980905 -0.97356323
 -0.85684622 -2.65464903 -2.59002226 -2.84580878 -2.87352046 -2.84218224
 -2.37595505 -2.17260742 -2.58366761 -2.55203337 -1.24676387 -2.84316846
 -2.91239466 -2.86627509 -2.05043138 -2.84023352 -2.87078483 -2.33430547
 -0.20976733 -2.70338997 -2.73168298]

