=== POLY Learned Parameters (Age Original) ===

base.iso._bth:
-4.642437041211325

base.iso._bz:
-3.0120831867119

base.iso.bthz:
-1.0367062516914787

base.aniso._α:
0.513301463861781

base.aniso._k1:
[ 0.10199733  0.10199733 -0.82725041  0.49419838]

base.aniso._k2:
[30.40428726 30.40428726  7.41059255  7.6827067 ]

base.aniso._lam0_raw:
[-2. -2. -2. -2.]

base.aniso._lam0h_raw:
[-2.8 -2.8]

base.aniso._kappa:
[-5.11525502 -5.11525502]

base.aniso._tau_raw:
[-2.30446205 -2.30446205  3.40550023  3.04056394]

base.aniso._sigma_s_raw:
[-2. -2. -2. -2.]

base.aniso._lambda_lb_raw:
[-2.31863885e-256 -2.31863885e-256 -2.31863885e-256 -2.31863885e-256]

base.aniso._lambda_ub_raw:
[-0.02375595 -0.02375595  0.96562448  1.76468644]

base.aniso._logn_mu_raw:
[-1.16347624 -1.16347624 -3.07517297 -3.45556927]

base.aniso._logn_sig_raw:
[-7.60906767 -7.60906767 -4.63353052 -5.31624145]

base.aniso._beta_a_raw:
[-0.87183897 -0.87183897 -0.87183897 -0.81093022]

base.aniso._beta_b_raw:
[-0.5798185  -0.47000363 -0.05129329 -1.2039728 ]

tweak._w_raw:
[-0.14177404 -0.14297078 -0.13391275 -0.14944778 -0.13287402 -0.13370557
 -0.14922352 -0.14105262 -0.14102455 -0.13480084 -0.13673081 -0.13524372
 -0.13482576 -0.12662104 -0.12714606 -0.13038843 -0.13034845 -0.13559528
 -0.13543158 -0.13623984 -0.13749472 -0.13206546 -0.14246821 -0.13857323
 -0.1383744  -0.14058242 -0.14064502 -0.13401463 -0.13398367 -0.13451289
 -0.13597996 -0.13564346 -0.13180025 -0.13578735 -0.13437743 -0.13453674
 -0.13596776 -0.13546011 -0.13552191 -0.13496708 -0.13559262 -0.13452951
  0.2448631  -0.13315142 -0.13314042]

tweak.logits:
[-1.57939263 -1.58227574 -1.5642171  -1.59106758 -1.56164736 -1.56346708
 -1.59100682 -1.57468558 -1.57461884 -1.56708984 -1.56053562 -1.56357532
 -1.56327309 -1.5478895  -1.53789616 -1.55440485 -1.55448056 -1.5645075
 -1.56424977 -1.57061001 -1.56301909 -1.56084428 -1.57531318 -1.57003141
 -1.56972656 -1.57428879 -1.57425471 -1.5597346  -1.55965403 -1.56677975
 -1.55947879 -1.56770362 -1.56002232 -1.56303598 -1.56689098 -1.56082112
 -1.56771908 -1.56705593 -1.5669939  -1.56336196 -1.56687472 -1.55910107
 -1.07722359 -1.5607194  -1.5606583 ]

