=== POLY Learned Parameters (Age Gus) ===

base.iso._bth:
-1.9780755978462934

base.iso._bz:
1.228961226112935

base.iso.bthz:
0.7660469997922539

base.aniso._α:
2.8685970549854165

base.aniso._k1:
[  1.46754117   1.46754117 -12.0030304    0.19309129]

base.aniso._k2:
[1.45080123 1.45080123 7.89471849 1.62489721]

base.aniso._lam0_raw:
[-2. -2. -2. -2.]

base.aniso._lam0h_raw:
[-2.8 -2.8]

base.aniso._kappa:
[-2.28607671 -2.28607671]

base.aniso._tau_raw:
[-0.6755614  -0.6755614  -0.65709274 -0.85757911]

base.aniso._sigma_s_raw:
[-2. -2. -2. -2.]

base.aniso._lambda_lb_raw:
[-6.08522155 -6.08522155 -3.44206889 -2.47701926]

base.aniso._lambda_ub_raw:
[2.81099637 2.81099637 0.21131091 1.80461754]

base.aniso._logn_mu_raw:
[-3.7999377  -3.7999377  -1.24863691 -2.99232068]

base.aniso._logn_sig_raw:
[-4.19388821 -4.19388821 -3.63519093 -2.57483647]

base.aniso._beta_a_raw:
[-0.87183897 -0.87183897 -0.87183897 -0.81093022]

base.aniso._beta_b_raw:
[-0.5798185  -0.47000363 -0.05129329 -1.2039728 ]

tweak._w_raw:
[-0.50188024 -0.49376673 -0.5667313  -0.2941873  -0.50547805 -0.56771331
 -0.29039826 -0.30152119 -0.30540057 -0.56118695 -0.37840429 -0.3802543
 -0.38265203 -0.56065957 -0.40153907 -0.40395089 -0.40563901 -0.37029738
 -0.365882   -0.5649958  -0.35937101 -0.54264391 -0.3723129  -0.37847071
 -0.38251664 -0.3538418  -0.35370034 -0.39385816 -0.38547117 -0.56204212
 -0.37744965 -0.48328168 -0.53935881 -0.46316188 -0.52858347 -0.47679055
 -0.48826113 -0.48686553 -0.482914   -0.38176076 -0.48354185 -0.37860722
  0.36377535 -0.48326065 -0.48591988]

tweak.logits:
[-1.84656239 -1.84109646 -1.95200996 -1.5557959  -1.87252433 -1.95234719
 -1.5493338  -1.55828791 -1.56481557 -1.97630654 -1.70404063 -1.70314215
 -1.70535921 -2.00214998 -1.75200478 -1.75206504 -1.75384867 -1.67960304
 -1.67301504 -1.96450764 -1.66784331 -2.00807147 -1.70857411 -1.71068637
 -1.71629287 -1.65309427 -1.65243827 -1.72456097 -1.7129596  -1.97619456
 -1.70316443 -1.8277933  -1.93776882 -1.80364596 -1.92520162 -1.82796076
 -1.83696997 -1.8350429  -1.82727924 -1.70400164 -1.83028002 -1.70217986
 -1.16531537 -1.8368499  -1.84094096]

